(kicad_pcb (version 20171130) (host pcbnew "(5.1.5-0-10_14)")

  (general
    (thickness 1.6)
    (drawings 21)
    (tracks 131)
    (zones 0)
    (modules 25)
    (nets 15)
  )

  (page A4)
  (layers
    (0 F.Cu signal)
    (31 B.Cu signal)
    (32 B.Adhes user)
    (33 F.Adhes user)
    (34 B.Paste user)
    (35 F.Paste user)
    (36 B.SilkS user)
    (37 F.SilkS user)
    (38 B.Mask user)
    (39 F.Mask user)
    (40 Dwgs.User user)
    (41 Cmts.User user)
    (42 Eco1.User user)
    (43 Eco2.User user)
    (44 Edge.Cuts user)
    (45 Margin user)
    (46 B.CrtYd user)
    (47 F.CrtYd user)
    (48 B.Fab user)
    (49 F.Fab user)
  )

  (setup
    (last_trace_width 0.4)
    (trace_clearance 0.2)
    (zone_clearance 0.508)
    (zone_45_only no)
    (trace_min 0.2)
    (via_size 0.8)
    (via_drill 0.4)
    (via_min_size 0.4)
    (via_min_drill 0.3)
    (uvia_size 0.3)
    (uvia_drill 0.1)
    (uvias_allowed no)
    (uvia_min_size 0.2)
    (uvia_min_drill 0.1)
    (edge_width 0.05)
    (segment_width 0.2)
    (pcb_text_width 0.3)
    (pcb_text_size 1.5 1.5)
    (mod_edge_width 0.12)
    (mod_text_size 1 1)
    (mod_text_width 0.15)
    (pad_size 1.524 1.524)
    (pad_drill 0.762)
    (pad_to_mask_clearance 0.051)
    (solder_mask_min_width 0.25)
    (aux_axis_origin 0 0)
    (grid_origin 147 96.5)
    (visible_elements FFFFFF7F)
    (pcbplotparams
      (layerselection 0x010fc_ffffffff)
      (usegerberextensions false)
      (usegerberattributes false)
      (usegerberadvancedattributes false)
      (creategerberjobfile false)
      (excludeedgelayer true)
      (linewidth 0.100000)
      (plotframeref false)
      (viasonmask false)
      (mode 1)
      (useauxorigin false)
      (hpglpennumber 1)
      (hpglpenspeed 20)
      (hpglpendiameter 15.000000)
      (psnegative false)
      (psa4output false)
      (plotreference true)
      (plotvalue true)
      (plotinvisibletext false)
      (padsonsilk false)
      (subtractmaskfromsilk false)
      (outputformat 1)
      (mirror false)
      (drillshape 0)
      (scaleselection 1)
      (outputdirectory "gerber"))
  )

  (net 0 "")
  (net 1 +5V)
  (net 2 GND)
  (net 3 "Net-(D1-Pad1)")
  (net 4 "Net-(D2-Pad1)")
  (net 5 "Net-(D3-Pad1)")
  (net 6 "Net-(D4-Pad1)")
  (net 7 "Net-(D5-Pad1)")
  (net 8 "Net-(D6-Pad1)")
  (net 9 "Net-(D7-Pad1)")
  (net 10 "Net-(D8-Pad1)")
  (net 11 "Net-(D10-Pad3)")
  (net 12 "Net-(D10-Pad1)")
  (net 13 DIN)
  (net 14 ROUT)

  (net_class Default "This is the default net class."
    (clearance 0.2)
    (trace_width 0.4)
    (via_dia 0.8)
    (via_drill 0.4)
    (uvia_dia 0.3)
    (uvia_drill 0.1)
    (add_net DIN)
    (add_net "Net-(D1-Pad1)")
    (add_net "Net-(D10-Pad1)")
    (add_net "Net-(D10-Pad3)")
    (add_net "Net-(D2-Pad1)")
    (add_net "Net-(D3-Pad1)")
    (add_net "Net-(D4-Pad1)")
    (add_net "Net-(D5-Pad1)")
    (add_net "Net-(D6-Pad1)")
    (add_net "Net-(D7-Pad1)")
    (add_net "Net-(D8-Pad1)")
    (add_net ROUT)
  )

  (net_class Thick ""
    (clearance 0.2)
    (trace_width 0.6)
    (via_dia 0.8)
    (via_drill 0.4)
    (uvia_dia 0.3)
    (uvia_drill 0.1)
    (add_net +5V)
    (add_net GND)
  )

  (module lib:R_LDR_5.1x4.3mm_P3.4mm_Vertical (layer F.Cu) (tedit 5F43E586) (tstamp 5F6633DA)
    (at 129.5 96.5 270)
    (descr "Resistor, LDR 5.1x3.4mm, see http://yourduino.com/docs/Photoresistor-5516-datasheet.pdf")
    (tags "Resistor LDR5.1x3.4mm")
    (path /5F45CAA5)
    (fp_text reference R1 (at 0 -2.9 90) (layer F.SilkS)
      (effects (font (size 1 1) (thickness 0.15)))
    )
    (fp_text value R_PHOTO (at 1.5 3 90) (layer F.Fab)
      (effects (font (size 1 1) (thickness 0.15)))
    )
    (fp_text user %R (at 0 -2.9 90) (layer F.Fab)
      (effects (font (size 1 1) (thickness 0.15)))
    )
    (fp_line (start -1.55 2.15) (end 1.5 2.15) (layer F.SilkS) (width 0.12))
    (fp_line (start -1.55 -2.15) (end 1.5 -2.15) (layer F.SilkS) (width 0.12))
    (fp_line (start -0.7 0) (end 0.6 0) (layer F.Fab) (width 0.1))
    (fp_line (start 0.6 0) (end 0.6 -0.6) (layer F.Fab) (width 0.1))
    (fp_line (start 0.6 -0.6) (end -0.9 -0.6) (layer F.Fab) (width 0.1))
    (fp_line (start 0.9 0.6) (end -0.7 0.6) (layer F.Fab) (width 0.1))
    (fp_line (start -0.9 -1.8) (end 0.9 -1.8) (layer F.Fab) (width 0.1))
    (fp_line (start 0.9 -1.8) (end 0.9 -1.2) (layer F.Fab) (width 0.1))
    (fp_line (start 0.9 -1.2) (end -0.9 -1.2) (layer F.Fab) (width 0.1))
    (fp_line (start -0.9 -1.2) (end -0.9 -0.6) (layer F.Fab) (width 0.1))
    (fp_line (start -0.7 0) (end -0.7 0.6) (layer F.Fab) (width 0.1))
    (fp_line (start 0.9 0.6) (end 0.9 1.2) (layer F.Fab) (width 0.1))
    (fp_line (start 0.9 1.2) (end -0.9 1.2) (layer F.Fab) (width 0.1))
    (fp_line (start -0.9 1.2) (end -0.9 1.8) (layer F.Fab) (width 0.1))
    (fp_line (start -0.9 1.8) (end 0.9 1.8) (layer F.Fab) (width 0.1))
    (fp_line (start 1.5 2.1) (end -1.5 2.1) (layer F.Fab) (width 0.1))
    (fp_line (start -1.5 -2.1) (end 1.5 -2.1) (layer F.Fab) (width 0.1))
    (fp_line (start -2.83 -2.35) (end 2.83 -2.35) (layer F.CrtYd) (width 0.05))
    (fp_line (start -2.83 -2.35) (end -2.83 2.35) (layer F.CrtYd) (width 0.05))
    (fp_line (start 2.83 2.35) (end 2.83 -2.35) (layer F.CrtYd) (width 0.05))
    (fp_line (start 2.83 2.35) (end -2.83 2.35) (layer F.CrtYd) (width 0.05))
    (fp_arc (start 0 0) (end -1.55 2.15) (angle 109) (layer F.SilkS) (width 0.12))
    (fp_arc (start 0 0) (end 1.5 -2.15) (angle 109) (layer F.SilkS) (width 0.12))
    (fp_arc (start 0 0) (end 1.5 -2.1) (angle 109) (layer F.Fab) (width 0.1))
    (fp_arc (start 0 0) (end -1.5 2.1) (angle 109) (layer F.Fab) (width 0.1))
    (pad "" np_thru_hole oval (at 0 0 270) (size 5 4) (drill oval 5 4) (layers *.Cu *.Mask))
    (pad 1 thru_hole circle (at -3.937 0 270) (size 1.5 1.5) (drill 0.8) (layers *.Cu *.Mask)
      (net 1 +5V))
    (pad 2 thru_hole circle (at 0 3.81 270) (size 1.5 1.5) (drill 0.8) (layers *.Cu *.Mask)
      (net 14 ROUT))
    (model ${KISYS3DMOD}/OptoDevice.3dshapes/R_LDR_5.1x4.3mm_P3.4mm_Vertical.wrl
      (offset (xyz -1.7 0 -3.8))
      (scale (xyz 1 1 1))
      (rotate (xyz 0 0 0))
    )
  )

  (module lib:PCBEdge_x12 (layer B.Cu) (tedit 5F43E4F7) (tstamp 5F663B01)
    (at 162.75 97.5 180)
    (descr PCBEdge_Pin_HEader_x12)
    (tags PCBEdge)
    (path /5F4843A2)
    (attr virtual)
    (fp_text reference J1 (at 11.176 2.54) (layer B.SilkS)
      (effects (font (size 1 1) (thickness 0.15)) (justify mirror))
    )
    (fp_text value Conn_01x12_Male (at 11.684 -2.794) (layer B.Fab)
      (effects (font (size 1 1) (thickness 0.15)) (justify mirror))
    )
    (fp_line (start 36.06 -1.524) (end -4.564 -1.524) (layer B.CrtYd) (width 0.05))
    (fp_line (start 36.06 -1.524) (end 36.06 1.524) (layer B.CrtYd) (width 0.05))
    (fp_line (start -4.564 1.524) (end -4.564 -1.524) (layer B.CrtYd) (width 0.05))
    (fp_line (start -4.572 1.524) (end 36.06 1.524) (layer B.CrtYd) (width 0.05))
    (pad 12 connect rect (at 35 0 180) (size 2 3) (layers B.Cu B.Mask)
      (net 14 ROUT))
    (pad 11 connect rect (at 31.5 0 180) (size 2 3) (layers B.Cu B.Mask)
      (net 1 +5V))
    (pad 10 connect rect (at 28 0 180) (size 2 3) (layers B.Cu B.Mask)
      (net 2 GND))
    (pad 9 connect rect (at 24.5 0 180) (size 2 3) (layers B.Cu B.Mask)
      (net 1 +5V))
    (pad 8 connect rect (at 21 0 180) (size 2 3) (layers B.Cu B.Mask)
      (net 2 GND))
    (pad 7 connect rect (at 17.5 0) (size 2 3) (layers B.Cu B.Mask)
      (net 1 +5V))
    (pad 6 connect rect (at 14 0 180) (size 2 3) (layers B.Cu B.Mask)
      (net 2 GND))
    (pad 5 connect rect (at 10.5 0 180) (size 2 3) (layers B.Cu B.Mask)
      (net 1 +5V))
    (pad 4 connect rect (at 7 0 180) (size 2 3) (layers B.Cu B.Mask)
      (net 2 GND))
    (pad 3 connect rect (at 3.5 0 180) (size 2 3) (layers B.Cu B.Mask)
      (net 1 +5V))
    (pad 2 connect rect (at 0 0 180) (size 2 3) (layers B.Cu B.Mask)
      (net 2 GND))
    (pad 1 connect rect (at -3.5 0 180) (size 2 3) (layers B.Cu B.Mask)
      (net 13 DIN))
  )

  (module Capacitor_SMD:C_0805_2012Metric_Pad1.15x1.40mm_HandSolder (layer B.Cu) (tedit 5B36C52B) (tstamp 5F66377B)
    (at 164.5 92.5 90)
    (descr "Capacitor SMD 0805 (2012 Metric), square (rectangular) end terminal, IPC_7351 nominal with elongated pad for handsoldering. (Body size source: https://docs.google.com/spreadsheets/d/1BsfQQcO9C6DZCsRaXUlFlo91Tg2WpOkGARC1WS5S8t0/edit?usp=sharing), generated with kicad-footprint-generator")
    (tags "capacitor handsolder")
    (path /5F452651)
    (attr smd)
    (fp_text reference C1 (at 0 1.65 90) (layer B.SilkS)
      (effects (font (size 1 1) (thickness 0.15)) (justify mirror))
    )
    (fp_text value 0.1uF (at 0 -1.65 90) (layer B.Fab)
      (effects (font (size 1 1) (thickness 0.15)) (justify mirror))
    )
    (fp_line (start -1 -0.6) (end -1 0.6) (layer B.Fab) (width 0.1))
    (fp_line (start -1 0.6) (end 1 0.6) (layer B.Fab) (width 0.1))
    (fp_line (start 1 0.6) (end 1 -0.6) (layer B.Fab) (width 0.1))
    (fp_line (start 1 -0.6) (end -1 -0.6) (layer B.Fab) (width 0.1))
    (fp_line (start -0.261252 0.71) (end 0.261252 0.71) (layer B.SilkS) (width 0.12))
    (fp_line (start -0.261252 -0.71) (end 0.261252 -0.71) (layer B.SilkS) (width 0.12))
    (fp_line (start -1.85 -0.95) (end -1.85 0.95) (layer B.CrtYd) (width 0.05))
    (fp_line (start -1.85 0.95) (end 1.85 0.95) (layer B.CrtYd) (width 0.05))
    (fp_line (start 1.85 0.95) (end 1.85 -0.95) (layer B.CrtYd) (width 0.05))
    (fp_line (start 1.85 -0.95) (end -1.85 -0.95) (layer B.CrtYd) (width 0.05))
    (fp_text user %R (at 0 0 90) (layer B.Fab)
      (effects (font (size 0.5 0.5) (thickness 0.08)) (justify mirror))
    )
    (pad 1 smd roundrect (at -1.025 0 90) (size 1.15 1.4) (layers B.Cu B.Paste B.Mask) (roundrect_rratio 0.217391)
      (net 1 +5V))
    (pad 2 smd roundrect (at 1.025 0 90) (size 1.15 1.4) (layers B.Cu B.Paste B.Mask) (roundrect_rratio 0.217391)
      (net 2 GND))
    (model ${KISYS3DMOD}/Capacitor_SMD.3dshapes/C_0805_2012Metric.wrl
      (at (xyz 0 0 0))
      (scale (xyz 1 1 1))
      (rotate (xyz 0 0 0))
    )
  )

  (module Capacitor_SMD:C_0805_2012Metric_Pad1.15x1.40mm_HandSolder (layer B.Cu) (tedit 5B36C52B) (tstamp 5F43D25D)
    (at 161 92.5 90)
    (descr "Capacitor SMD 0805 (2012 Metric), square (rectangular) end terminal, IPC_7351 nominal with elongated pad for handsoldering. (Body size source: https://docs.google.com/spreadsheets/d/1BsfQQcO9C6DZCsRaXUlFlo91Tg2WpOkGARC1WS5S8t0/edit?usp=sharing), generated with kicad-footprint-generator")
    (tags "capacitor handsolder")
    (path /5F454084)
    (attr smd)
    (fp_text reference C2 (at 0 1.65 270) (layer B.SilkS)
      (effects (font (size 1 1) (thickness 0.15)) (justify mirror))
    )
    (fp_text value 0.1uF (at 0 -1.65 270) (layer B.Fab)
      (effects (font (size 1 1) (thickness 0.15)) (justify mirror))
    )
    (fp_text user %R (at 0 0 270) (layer B.Fab)
      (effects (font (size 0.5 0.5) (thickness 0.08)) (justify mirror))
    )
    (fp_line (start 1.85 -0.95) (end -1.85 -0.95) (layer B.CrtYd) (width 0.05))
    (fp_line (start 1.85 0.95) (end 1.85 -0.95) (layer B.CrtYd) (width 0.05))
    (fp_line (start -1.85 0.95) (end 1.85 0.95) (layer B.CrtYd) (width 0.05))
    (fp_line (start -1.85 -0.95) (end -1.85 0.95) (layer B.CrtYd) (width 0.05))
    (fp_line (start -0.261252 -0.71) (end 0.261252 -0.71) (layer B.SilkS) (width 0.12))
    (fp_line (start -0.261252 0.71) (end 0.261252 0.71) (layer B.SilkS) (width 0.12))
    (fp_line (start 1 -0.6) (end -1 -0.6) (layer B.Fab) (width 0.1))
    (fp_line (start 1 0.6) (end 1 -0.6) (layer B.Fab) (width 0.1))
    (fp_line (start -1 0.6) (end 1 0.6) (layer B.Fab) (width 0.1))
    (fp_line (start -1 -0.6) (end -1 0.6) (layer B.Fab) (width 0.1))
    (pad 2 smd roundrect (at 1.025 0 90) (size 1.15 1.4) (layers B.Cu B.Paste B.Mask) (roundrect_rratio 0.217391)
      (net 2 GND))
    (pad 1 smd roundrect (at -1.025 0 90) (size 1.15 1.4) (layers B.Cu B.Paste B.Mask) (roundrect_rratio 0.217391)
      (net 1 +5V))
    (model ${KISYS3DMOD}/Capacitor_SMD.3dshapes/C_0805_2012Metric.wrl
      (at (xyz 0 0 0))
      (scale (xyz 1 1 1))
      (rotate (xyz 0 0 0))
    )
  )

  (module Capacitor_SMD:C_0805_2012Metric_Pad1.15x1.40mm_HandSolder (layer B.Cu) (tedit 5B36C52B) (tstamp 5F43D26E)
    (at 157.5 92.5 90)
    (descr "Capacitor SMD 0805 (2012 Metric), square (rectangular) end terminal, IPC_7351 nominal with elongated pad for handsoldering. (Body size source: https://docs.google.com/spreadsheets/d/1BsfQQcO9C6DZCsRaXUlFlo91Tg2WpOkGARC1WS5S8t0/edit?usp=sharing), generated with kicad-footprint-generator")
    (tags "capacitor handsolder")
    (path /5F4563BA)
    (attr smd)
    (fp_text reference C3 (at 0 1.65 270) (layer B.SilkS)
      (effects (font (size 1 1) (thickness 0.15)) (justify mirror))
    )
    (fp_text value 0.1uF (at 0 -1.65 270) (layer B.Fab)
      (effects (font (size 1 1) (thickness 0.15)) (justify mirror))
    )
    (fp_line (start -1 -0.6) (end -1 0.6) (layer B.Fab) (width 0.1))
    (fp_line (start -1 0.6) (end 1 0.6) (layer B.Fab) (width 0.1))
    (fp_line (start 1 0.6) (end 1 -0.6) (layer B.Fab) (width 0.1))
    (fp_line (start 1 -0.6) (end -1 -0.6) (layer B.Fab) (width 0.1))
    (fp_line (start -0.261252 0.71) (end 0.261252 0.71) (layer B.SilkS) (width 0.12))
    (fp_line (start -0.261252 -0.71) (end 0.261252 -0.71) (layer B.SilkS) (width 0.12))
    (fp_line (start -1.85 -0.95) (end -1.85 0.95) (layer B.CrtYd) (width 0.05))
    (fp_line (start -1.85 0.95) (end 1.85 0.95) (layer B.CrtYd) (width 0.05))
    (fp_line (start 1.85 0.95) (end 1.85 -0.95) (layer B.CrtYd) (width 0.05))
    (fp_line (start 1.85 -0.95) (end -1.85 -0.95) (layer B.CrtYd) (width 0.05))
    (fp_text user %R (at 0 0 270) (layer B.Fab)
      (effects (font (size 0.5 0.5) (thickness 0.08)) (justify mirror))
    )
    (pad 1 smd roundrect (at -1.025 0 90) (size 1.15 1.4) (layers B.Cu B.Paste B.Mask) (roundrect_rratio 0.217391)
      (net 1 +5V))
    (pad 2 smd roundrect (at 1.025 0 90) (size 1.15 1.4) (layers B.Cu B.Paste B.Mask) (roundrect_rratio 0.217391)
      (net 2 GND))
    (model ${KISYS3DMOD}/Capacitor_SMD.3dshapes/C_0805_2012Metric.wrl
      (at (xyz 0 0 0))
      (scale (xyz 1 1 1))
      (rotate (xyz 0 0 0))
    )
  )

  (module Capacitor_SMD:C_0805_2012Metric_Pad1.15x1.40mm_HandSolder (layer B.Cu) (tedit 5B36C52B) (tstamp 5F43D27F)
    (at 154 92.5 90)
    (descr "Capacitor SMD 0805 (2012 Metric), square (rectangular) end terminal, IPC_7351 nominal with elongated pad for handsoldering. (Body size source: https://docs.google.com/spreadsheets/d/1BsfQQcO9C6DZCsRaXUlFlo91Tg2WpOkGARC1WS5S8t0/edit?usp=sharing), generated with kicad-footprint-generator")
    (tags "capacitor handsolder")
    (path /5F4563DB)
    (attr smd)
    (fp_text reference C4 (at 0 1.65 270) (layer B.SilkS)
      (effects (font (size 1 1) (thickness 0.15)) (justify mirror))
    )
    (fp_text value 0.1uF (at 0 -1.65 270) (layer B.Fab)
      (effects (font (size 1 1) (thickness 0.15)) (justify mirror))
    )
    (fp_text user %R (at 0 0 270) (layer B.Fab)
      (effects (font (size 0.5 0.5) (thickness 0.08)) (justify mirror))
    )
    (fp_line (start 1.85 -0.95) (end -1.85 -0.95) (layer B.CrtYd) (width 0.05))
    (fp_line (start 1.85 0.95) (end 1.85 -0.95) (layer B.CrtYd) (width 0.05))
    (fp_line (start -1.85 0.95) (end 1.85 0.95) (layer B.CrtYd) (width 0.05))
    (fp_line (start -1.85 -0.95) (end -1.85 0.95) (layer B.CrtYd) (width 0.05))
    (fp_line (start -0.261252 -0.71) (end 0.261252 -0.71) (layer B.SilkS) (width 0.12))
    (fp_line (start -0.261252 0.71) (end 0.261252 0.71) (layer B.SilkS) (width 0.12))
    (fp_line (start 1 -0.6) (end -1 -0.6) (layer B.Fab) (width 0.1))
    (fp_line (start 1 0.6) (end 1 -0.6) (layer B.Fab) (width 0.1))
    (fp_line (start -1 0.6) (end 1 0.6) (layer B.Fab) (width 0.1))
    (fp_line (start -1 -0.6) (end -1 0.6) (layer B.Fab) (width 0.1))
    (pad 2 smd roundrect (at 1.025 0 90) (size 1.15 1.4) (layers B.Cu B.Paste B.Mask) (roundrect_rratio 0.217391)
      (net 2 GND))
    (pad 1 smd roundrect (at -1.025 0 90) (size 1.15 1.4) (layers B.Cu B.Paste B.Mask) (roundrect_rratio 0.217391)
      (net 1 +5V))
    (model ${KISYS3DMOD}/Capacitor_SMD.3dshapes/C_0805_2012Metric.wrl
      (at (xyz 0 0 0))
      (scale (xyz 1 1 1))
      (rotate (xyz 0 0 0))
    )
  )

  (module Capacitor_SMD:C_0805_2012Metric_Pad1.15x1.40mm_HandSolder (layer B.Cu) (tedit 5B36C52B) (tstamp 5F43D290)
    (at 150.5 92.5 90)
    (descr "Capacitor SMD 0805 (2012 Metric), square (rectangular) end terminal, IPC_7351 nominal with elongated pad for handsoldering. (Body size source: https://docs.google.com/spreadsheets/d/1BsfQQcO9C6DZCsRaXUlFlo91Tg2WpOkGARC1WS5S8t0/edit?usp=sharing), generated with kicad-footprint-generator")
    (tags "capacitor handsolder")
    (path /5F4577B4)
    (attr smd)
    (fp_text reference C5 (at 0 1.65 270) (layer B.SilkS)
      (effects (font (size 1 1) (thickness 0.15)) (justify mirror))
    )
    (fp_text value 0.1uF (at 0 -1.65 270) (layer B.Fab)
      (effects (font (size 1 1) (thickness 0.15)) (justify mirror))
    )
    (fp_line (start -1 -0.6) (end -1 0.6) (layer B.Fab) (width 0.1))
    (fp_line (start -1 0.6) (end 1 0.6) (layer B.Fab) (width 0.1))
    (fp_line (start 1 0.6) (end 1 -0.6) (layer B.Fab) (width 0.1))
    (fp_line (start 1 -0.6) (end -1 -0.6) (layer B.Fab) (width 0.1))
    (fp_line (start -0.261252 0.71) (end 0.261252 0.71) (layer B.SilkS) (width 0.12))
    (fp_line (start -0.261252 -0.71) (end 0.261252 -0.71) (layer B.SilkS) (width 0.12))
    (fp_line (start -1.85 -0.95) (end -1.85 0.95) (layer B.CrtYd) (width 0.05))
    (fp_line (start -1.85 0.95) (end 1.85 0.95) (layer B.CrtYd) (width 0.05))
    (fp_line (start 1.85 0.95) (end 1.85 -0.95) (layer B.CrtYd) (width 0.05))
    (fp_line (start 1.85 -0.95) (end -1.85 -0.95) (layer B.CrtYd) (width 0.05))
    (fp_text user %R (at 0 0 270) (layer B.Fab)
      (effects (font (size 0.5 0.5) (thickness 0.08)) (justify mirror))
    )
    (pad 1 smd roundrect (at -1.025 0 90) (size 1.15 1.4) (layers B.Cu B.Paste B.Mask) (roundrect_rratio 0.217391)
      (net 1 +5V))
    (pad 2 smd roundrect (at 1.025 0 90) (size 1.15 1.4) (layers B.Cu B.Paste B.Mask) (roundrect_rratio 0.217391)
      (net 2 GND))
    (model ${KISYS3DMOD}/Capacitor_SMD.3dshapes/C_0805_2012Metric.wrl
      (at (xyz 0 0 0))
      (scale (xyz 1 1 1))
      (rotate (xyz 0 0 0))
    )
  )

  (module Capacitor_SMD:C_0805_2012Metric_Pad1.15x1.40mm_HandSolder (layer B.Cu) (tedit 5B36C52B) (tstamp 5F43D2A1)
    (at 147 92.5 90)
    (descr "Capacitor SMD 0805 (2012 Metric), square (rectangular) end terminal, IPC_7351 nominal with elongated pad for handsoldering. (Body size source: https://docs.google.com/spreadsheets/d/1BsfQQcO9C6DZCsRaXUlFlo91Tg2WpOkGARC1WS5S8t0/edit?usp=sharing), generated with kicad-footprint-generator")
    (tags "capacitor handsolder")
    (path /5F4577D5)
    (attr smd)
    (fp_text reference C6 (at 0 1.65 270) (layer B.SilkS)
      (effects (font (size 1 1) (thickness 0.15)) (justify mirror))
    )
    (fp_text value 0.1uF (at 0 -1.65 270) (layer B.Fab)
      (effects (font (size 1 1) (thickness 0.15)) (justify mirror))
    )
    (fp_text user %R (at 0 0 270) (layer B.Fab)
      (effects (font (size 0.5 0.5) (thickness 0.08)) (justify mirror))
    )
    (fp_line (start 1.85 -0.95) (end -1.85 -0.95) (layer B.CrtYd) (width 0.05))
    (fp_line (start 1.85 0.95) (end 1.85 -0.95) (layer B.CrtYd) (width 0.05))
    (fp_line (start -1.85 0.95) (end 1.85 0.95) (layer B.CrtYd) (width 0.05))
    (fp_line (start -1.85 -0.95) (end -1.85 0.95) (layer B.CrtYd) (width 0.05))
    (fp_line (start -0.261252 -0.71) (end 0.261252 -0.71) (layer B.SilkS) (width 0.12))
    (fp_line (start -0.261252 0.71) (end 0.261252 0.71) (layer B.SilkS) (width 0.12))
    (fp_line (start 1 -0.6) (end -1 -0.6) (layer B.Fab) (width 0.1))
    (fp_line (start 1 0.6) (end 1 -0.6) (layer B.Fab) (width 0.1))
    (fp_line (start -1 0.6) (end 1 0.6) (layer B.Fab) (width 0.1))
    (fp_line (start -1 -0.6) (end -1 0.6) (layer B.Fab) (width 0.1))
    (pad 2 smd roundrect (at 1.025 0 90) (size 1.15 1.4) (layers B.Cu B.Paste B.Mask) (roundrect_rratio 0.217391)
      (net 2 GND))
    (pad 1 smd roundrect (at -1.025 0 90) (size 1.15 1.4) (layers B.Cu B.Paste B.Mask) (roundrect_rratio 0.217391)
      (net 1 +5V))
    (model ${KISYS3DMOD}/Capacitor_SMD.3dshapes/C_0805_2012Metric.wrl
      (at (xyz 0 0 0))
      (scale (xyz 1 1 1))
      (rotate (xyz 0 0 0))
    )
  )

  (module Capacitor_SMD:C_0805_2012Metric_Pad1.15x1.40mm_HandSolder (layer B.Cu) (tedit 5B36C52B) (tstamp 5F43E18A)
    (at 143.5 92.5 90)
    (descr "Capacitor SMD 0805 (2012 Metric), square (rectangular) end terminal, IPC_7351 nominal with elongated pad for handsoldering. (Body size source: https://docs.google.com/spreadsheets/d/1BsfQQcO9C6DZCsRaXUlFlo91Tg2WpOkGARC1WS5S8t0/edit?usp=sharing), generated with kicad-footprint-generator")
    (tags "capacitor handsolder")
    (path /5F4577F6)
    (attr smd)
    (fp_text reference C7 (at 0 1.65 270) (layer B.SilkS)
      (effects (font (size 1 1) (thickness 0.15)) (justify mirror))
    )
    (fp_text value 0.1uF (at 0 -1.65 270) (layer B.Fab)
      (effects (font (size 1 1) (thickness 0.15)) (justify mirror))
    )
    (fp_line (start -1 -0.6) (end -1 0.6) (layer B.Fab) (width 0.1))
    (fp_line (start -1 0.6) (end 1 0.6) (layer B.Fab) (width 0.1))
    (fp_line (start 1 0.6) (end 1 -0.6) (layer B.Fab) (width 0.1))
    (fp_line (start 1 -0.6) (end -1 -0.6) (layer B.Fab) (width 0.1))
    (fp_line (start -0.261252 0.71) (end 0.261252 0.71) (layer B.SilkS) (width 0.12))
    (fp_line (start -0.261252 -0.71) (end 0.261252 -0.71) (layer B.SilkS) (width 0.12))
    (fp_line (start -1.85 -0.95) (end -1.85 0.95) (layer B.CrtYd) (width 0.05))
    (fp_line (start -1.85 0.95) (end 1.85 0.95) (layer B.CrtYd) (width 0.05))
    (fp_line (start 1.85 0.95) (end 1.85 -0.95) (layer B.CrtYd) (width 0.05))
    (fp_line (start 1.85 -0.95) (end -1.85 -0.95) (layer B.CrtYd) (width 0.05))
    (fp_text user %R (at 0 0 270) (layer B.Fab)
      (effects (font (size 0.5 0.5) (thickness 0.08)) (justify mirror))
    )
    (pad 1 smd roundrect (at -1.025 0 90) (size 1.15 1.4) (layers B.Cu B.Paste B.Mask) (roundrect_rratio 0.217391)
      (net 1 +5V))
    (pad 2 smd roundrect (at 1.025 0 90) (size 1.15 1.4) (layers B.Cu B.Paste B.Mask) (roundrect_rratio 0.217391)
      (net 2 GND))
    (model ${KISYS3DMOD}/Capacitor_SMD.3dshapes/C_0805_2012Metric.wrl
      (at (xyz 0 0 0))
      (scale (xyz 1 1 1))
      (rotate (xyz 0 0 0))
    )
  )

  (module Capacitor_SMD:C_0805_2012Metric_Pad1.15x1.40mm_HandSolder (layer B.Cu) (tedit 5B36C52B) (tstamp 5F43D2C3)
    (at 140 92.5 90)
    (descr "Capacitor SMD 0805 (2012 Metric), square (rectangular) end terminal, IPC_7351 nominal with elongated pad for handsoldering. (Body size source: https://docs.google.com/spreadsheets/d/1BsfQQcO9C6DZCsRaXUlFlo91Tg2WpOkGARC1WS5S8t0/edit?usp=sharing), generated with kicad-footprint-generator")
    (tags "capacitor handsolder")
    (path /5F457817)
    (attr smd)
    (fp_text reference C8 (at 0 1.65 270) (layer B.SilkS)
      (effects (font (size 1 1) (thickness 0.15)) (justify mirror))
    )
    (fp_text value 0.1uF (at 0 -1.65 270) (layer B.Fab)
      (effects (font (size 1 1) (thickness 0.15)) (justify mirror))
    )
    (fp_text user %R (at 0 0 270) (layer B.Fab)
      (effects (font (size 0.5 0.5) (thickness 0.08)) (justify mirror))
    )
    (fp_line (start 1.85 -0.95) (end -1.85 -0.95) (layer B.CrtYd) (width 0.05))
    (fp_line (start 1.85 0.95) (end 1.85 -0.95) (layer B.CrtYd) (width 0.05))
    (fp_line (start -1.85 0.95) (end 1.85 0.95) (layer B.CrtYd) (width 0.05))
    (fp_line (start -1.85 -0.95) (end -1.85 0.95) (layer B.CrtYd) (width 0.05))
    (fp_line (start -0.261252 -0.71) (end 0.261252 -0.71) (layer B.SilkS) (width 0.12))
    (fp_line (start -0.261252 0.71) (end 0.261252 0.71) (layer B.SilkS) (width 0.12))
    (fp_line (start 1 -0.6) (end -1 -0.6) (layer B.Fab) (width 0.1))
    (fp_line (start 1 0.6) (end 1 -0.6) (layer B.Fab) (width 0.1))
    (fp_line (start -1 0.6) (end 1 0.6) (layer B.Fab) (width 0.1))
    (fp_line (start -1 -0.6) (end -1 0.6) (layer B.Fab) (width 0.1))
    (pad 2 smd roundrect (at 1.025 0 90) (size 1.15 1.4) (layers B.Cu B.Paste B.Mask) (roundrect_rratio 0.217391)
      (net 2 GND))
    (pad 1 smd roundrect (at -1.025 0 90) (size 1.15 1.4) (layers B.Cu B.Paste B.Mask) (roundrect_rratio 0.217391)
      (net 1 +5V))
    (model ${KISYS3DMOD}/Capacitor_SMD.3dshapes/C_0805_2012Metric.wrl
      (at (xyz 0 0 0))
      (scale (xyz 1 1 1))
      (rotate (xyz 0 0 0))
    )
  )

  (module Capacitor_SMD:C_0805_2012Metric_Pad1.15x1.40mm_HandSolder (layer B.Cu) (tedit 5B36C52B) (tstamp 5F43D2D4)
    (at 136.5 92.5 90)
    (descr "Capacitor SMD 0805 (2012 Metric), square (rectangular) end terminal, IPC_7351 nominal with elongated pad for handsoldering. (Body size source: https://docs.google.com/spreadsheets/d/1BsfQQcO9C6DZCsRaXUlFlo91Tg2WpOkGARC1WS5S8t0/edit?usp=sharing), generated with kicad-footprint-generator")
    (tags "capacitor handsolder")
    (path /5F45AF42)
    (attr smd)
    (fp_text reference C9 (at 0 1.65 270) (layer B.SilkS)
      (effects (font (size 1 1) (thickness 0.15)) (justify mirror))
    )
    (fp_text value 0.1uF (at 0 -1.65 270) (layer B.Fab)
      (effects (font (size 1 1) (thickness 0.15)) (justify mirror))
    )
    (fp_line (start -1 -0.6) (end -1 0.6) (layer B.Fab) (width 0.1))
    (fp_line (start -1 0.6) (end 1 0.6) (layer B.Fab) (width 0.1))
    (fp_line (start 1 0.6) (end 1 -0.6) (layer B.Fab) (width 0.1))
    (fp_line (start 1 -0.6) (end -1 -0.6) (layer B.Fab) (width 0.1))
    (fp_line (start -0.261252 0.71) (end 0.261252 0.71) (layer B.SilkS) (width 0.12))
    (fp_line (start -0.261252 -0.71) (end 0.261252 -0.71) (layer B.SilkS) (width 0.12))
    (fp_line (start -1.85 -0.95) (end -1.85 0.95) (layer B.CrtYd) (width 0.05))
    (fp_line (start -1.85 0.95) (end 1.85 0.95) (layer B.CrtYd) (width 0.05))
    (fp_line (start 1.85 0.95) (end 1.85 -0.95) (layer B.CrtYd) (width 0.05))
    (fp_line (start 1.85 -0.95) (end -1.85 -0.95) (layer B.CrtYd) (width 0.05))
    (fp_text user %R (at 0 0 270) (layer B.Fab)
      (effects (font (size 0.5 0.5) (thickness 0.08)) (justify mirror))
    )
    (pad 1 smd roundrect (at -1.025 0 90) (size 1.15 1.4) (layers B.Cu B.Paste B.Mask) (roundrect_rratio 0.217391)
      (net 1 +5V))
    (pad 2 smd roundrect (at 1.025 0 90) (size 1.15 1.4) (layers B.Cu B.Paste B.Mask) (roundrect_rratio 0.217391)
      (net 2 GND))
    (model ${KISYS3DMOD}/Capacitor_SMD.3dshapes/C_0805_2012Metric.wrl
      (at (xyz 0 0 0))
      (scale (xyz 1 1 1))
      (rotate (xyz 0 0 0))
    )
  )

  (module Capacitor_SMD:C_0805_2012Metric_Pad1.15x1.40mm_HandSolder (layer B.Cu) (tedit 5B36C52B) (tstamp 5F43D2E5)
    (at 133 92.5 90)
    (descr "Capacitor SMD 0805 (2012 Metric), square (rectangular) end terminal, IPC_7351 nominal with elongated pad for handsoldering. (Body size source: https://docs.google.com/spreadsheets/d/1BsfQQcO9C6DZCsRaXUlFlo91Tg2WpOkGARC1WS5S8t0/edit?usp=sharing), generated with kicad-footprint-generator")
    (tags "capacitor handsolder")
    (path /5F45AF63)
    (attr smd)
    (fp_text reference C10 (at 0 1.65 270) (layer B.SilkS)
      (effects (font (size 1 1) (thickness 0.15)) (justify mirror))
    )
    (fp_text value 0.1uF (at 0 -1.65 270) (layer B.Fab)
      (effects (font (size 1 1) (thickness 0.15)) (justify mirror))
    )
    (fp_text user %R (at 0 0 270) (layer B.Fab)
      (effects (font (size 0.5 0.5) (thickness 0.08)) (justify mirror))
    )
    (fp_line (start 1.85 -0.95) (end -1.85 -0.95) (layer B.CrtYd) (width 0.05))
    (fp_line (start 1.85 0.95) (end 1.85 -0.95) (layer B.CrtYd) (width 0.05))
    (fp_line (start -1.85 0.95) (end 1.85 0.95) (layer B.CrtYd) (width 0.05))
    (fp_line (start -1.85 -0.95) (end -1.85 0.95) (layer B.CrtYd) (width 0.05))
    (fp_line (start -0.261252 -0.71) (end 0.261252 -0.71) (layer B.SilkS) (width 0.12))
    (fp_line (start -0.261252 0.71) (end 0.261252 0.71) (layer B.SilkS) (width 0.12))
    (fp_line (start 1 -0.6) (end -1 -0.6) (layer B.Fab) (width 0.1))
    (fp_line (start 1 0.6) (end 1 -0.6) (layer B.Fab) (width 0.1))
    (fp_line (start -1 0.6) (end 1 0.6) (layer B.Fab) (width 0.1))
    (fp_line (start -1 -0.6) (end -1 0.6) (layer B.Fab) (width 0.1))
    (pad 2 smd roundrect (at 1.025 0 90) (size 1.15 1.4) (layers B.Cu B.Paste B.Mask) (roundrect_rratio 0.217391)
      (net 2 GND))
    (pad 1 smd roundrect (at -1.025 0 90) (size 1.15 1.4) (layers B.Cu B.Paste B.Mask) (roundrect_rratio 0.217391)
      (net 1 +5V))
    (model ${KISYS3DMOD}/Capacitor_SMD.3dshapes/C_0805_2012Metric.wrl
      (at (xyz 0 0 0))
      (scale (xyz 1 1 1))
      (rotate (xyz 0 0 0))
    )
  )

  (module LED_SMD:LED_SK6805_PLCC4_2.4x2.7mm_P1.3mm (layer F.Cu) (tedit 5AA4B1EE) (tstamp 5F6634F4)
    (at 164.5 96.5 90)
    (descr https://cdn-shop.adafruit.com/product-files/3484/3484_Datasheet.pdf)
    (tags "LED RGB NeoPixel Nano")
    (path /5F43CC02)
    (attr smd)
    (fp_text reference D1 (at 3 0 180) (layer F.SilkS)
      (effects (font (size 1 1) (thickness 0.15)))
    )
    (fp_text value SK6805 (at 0 2.7 90) (layer F.Fab) hide
      (effects (font (size 1 1) (thickness 0.15)))
    )
    (fp_text user 1 (at -2.15 -0.65 90) (layer F.SilkS)
      (effects (font (size 0.75 0.75) (thickness 0.12)))
    )
    (fp_text user %R (at 0 0 90) (layer F.Fab)
      (effects (font (size 0.4 0.4) (thickness 0.08)))
    )
    (fp_line (start 1.75 -1.45) (end -1.75 -1.45) (layer F.CrtYd) (width 0.05))
    (fp_line (start 1.75 1.45) (end 1.75 -1.45) (layer F.CrtYd) (width 0.05))
    (fp_line (start -1.75 1.45) (end 1.75 1.45) (layer F.CrtYd) (width 0.05))
    (fp_line (start -1.75 -1.45) (end -1.75 1.45) (layer F.CrtYd) (width 0.05))
    (fp_line (start -1.35 0.6) (end -0.75 1.2) (layer F.Fab) (width 0.1))
    (fp_line (start -1.35 -1.2) (end -1.35 1.2) (layer F.Fab) (width 0.1))
    (fp_line (start -1.35 1.2) (end 1.35 1.2) (layer F.Fab) (width 0.1))
    (fp_line (start 1.35 1.2) (end 1.35 -1.2) (layer F.Fab) (width 0.1))
    (fp_line (start 1.35 -1.2) (end -1.35 -1.2) (layer F.Fab) (width 0.1))
    (fp_line (start -1.9 -1.4) (end 1.9 -1.4) (layer F.SilkS) (width 0.12))
    (fp_line (start -1.9 1.4) (end 1.9 1.4) (layer F.SilkS) (width 0.12))
    (fp_line (start -1.9 1.4) (end -1.9 0.65) (layer F.SilkS) (width 0.12))
    (fp_circle (center 0 0) (end 0 -1) (layer F.Fab) (width 0.1))
    (pad 3 smd rect (at 1 0.65 90) (size 1 0.6) (layers F.Cu F.Paste F.Mask)
      (net 13 DIN))
    (pad 4 smd rect (at 1 -0.65 90) (size 1 0.6) (layers F.Cu F.Paste F.Mask)
      (net 1 +5V))
    (pad 2 smd rect (at -1 0.65 90) (size 1 0.6) (layers F.Cu F.Paste F.Mask)
      (net 2 GND))
    (pad 1 smd rect (at -1 -0.65 90) (size 1 0.6) (layers F.Cu F.Paste F.Mask)
      (net 3 "Net-(D1-Pad1)"))
    (model ${KISYS3DMOD}/LED_SMD.3dshapes/LED_SK6812_PLCC4_5.0x5.0mm_P3.2mm.wrl
      (at (xyz 0 0 0))
      (scale (xyz 0.54 0.48 0.8))
      (rotate (xyz 0 0 0))
    )
  )

  (module LED_SMD:LED_SK6805_PLCC4_2.4x2.7mm_P1.3mm (layer F.Cu) (tedit 5AA4B1EE) (tstamp 5F43D313)
    (at 161 96.5 90)
    (descr https://cdn-shop.adafruit.com/product-files/3484/3484_Datasheet.pdf)
    (tags "LED RGB NeoPixel Nano")
    (path /5F43F0DD)
    (attr smd)
    (fp_text reference D2 (at 3 0 180) (layer F.SilkS)
      (effects (font (size 1 1) (thickness 0.15)))
    )
    (fp_text value SK6805 (at 0 2.7 90) (layer F.Fab) hide
      (effects (font (size 1 1) (thickness 0.15)))
    )
    (fp_circle (center 0 0) (end 0 -1) (layer F.Fab) (width 0.1))
    (fp_line (start -1.9 1.4) (end -1.9 0.65) (layer F.SilkS) (width 0.12))
    (fp_line (start -1.9 1.4) (end 1.9 1.4) (layer F.SilkS) (width 0.12))
    (fp_line (start -1.9 -1.4) (end 1.9 -1.4) (layer F.SilkS) (width 0.12))
    (fp_line (start 1.35 -1.2) (end -1.35 -1.2) (layer F.Fab) (width 0.1))
    (fp_line (start 1.35 1.2) (end 1.35 -1.2) (layer F.Fab) (width 0.1))
    (fp_line (start -1.35 1.2) (end 1.35 1.2) (layer F.Fab) (width 0.1))
    (fp_line (start -1.35 -1.2) (end -1.35 1.2) (layer F.Fab) (width 0.1))
    (fp_line (start -1.35 0.6) (end -0.75 1.2) (layer F.Fab) (width 0.1))
    (fp_line (start -1.75 -1.45) (end -1.75 1.45) (layer F.CrtYd) (width 0.05))
    (fp_line (start -1.75 1.45) (end 1.75 1.45) (layer F.CrtYd) (width 0.05))
    (fp_line (start 1.75 1.45) (end 1.75 -1.45) (layer F.CrtYd) (width 0.05))
    (fp_line (start 1.75 -1.45) (end -1.75 -1.45) (layer F.CrtYd) (width 0.05))
    (fp_text user %R (at 0 0 90) (layer F.Fab)
      (effects (font (size 0.4 0.4) (thickness 0.08)))
    )
    (pad 1 smd rect (at -1 -0.65 90) (size 1 0.6) (layers F.Cu F.Paste F.Mask)
      (net 4 "Net-(D2-Pad1)"))
    (pad 2 smd rect (at -1 0.65 90) (size 1 0.6) (layers F.Cu F.Paste F.Mask)
      (net 2 GND))
    (pad 4 smd rect (at 1 -0.65 90) (size 1 0.6) (layers F.Cu F.Paste F.Mask)
      (net 1 +5V))
    (pad 3 smd rect (at 1 0.65 90) (size 1 0.6) (layers F.Cu F.Paste F.Mask)
      (net 3 "Net-(D1-Pad1)"))
    (model ${KISYS3DMOD}/LED_SMD.3dshapes/LED_SK6812_PLCC4_5.0x5.0mm_P3.2mm.wrl
      (at (xyz 0 0 0))
      (scale (xyz 0.54 0.48 0.8))
      (rotate (xyz 0 0 0))
    )
  )

  (module LED_SMD:LED_SK6805_PLCC4_2.4x2.7mm_P1.3mm (layer F.Cu) (tedit 5AA4B1EE) (tstamp 5F43D32A)
    (at 157.5 96.5 90)
    (descr https://cdn-shop.adafruit.com/product-files/3484/3484_Datasheet.pdf)
    (tags "LED RGB NeoPixel Nano")
    (path /5F43FBD2)
    (attr smd)
    (fp_text reference D3 (at 3 0 180) (layer F.SilkS)
      (effects (font (size 1 1) (thickness 0.15)))
    )
    (fp_text value SK6805 (at 0 2.7 90) (layer F.Fab) hide
      (effects (font (size 1 1) (thickness 0.15)))
    )
    (fp_text user 1 (at -2.15 -0.65 90) (layer F.SilkS)
      (effects (font (size 0.75 0.75) (thickness 0.12)))
    )
    (fp_text user %R (at 0 0 90) (layer F.Fab)
      (effects (font (size 0.4 0.4) (thickness 0.08)))
    )
    (fp_line (start 1.75 -1.45) (end -1.75 -1.45) (layer F.CrtYd) (width 0.05))
    (fp_line (start 1.75 1.45) (end 1.75 -1.45) (layer F.CrtYd) (width 0.05))
    (fp_line (start -1.75 1.45) (end 1.75 1.45) (layer F.CrtYd) (width 0.05))
    (fp_line (start -1.75 -1.45) (end -1.75 1.45) (layer F.CrtYd) (width 0.05))
    (fp_line (start -1.35 0.6) (end -0.75 1.2) (layer F.Fab) (width 0.1))
    (fp_line (start -1.35 -1.2) (end -1.35 1.2) (layer F.Fab) (width 0.1))
    (fp_line (start -1.35 1.2) (end 1.35 1.2) (layer F.Fab) (width 0.1))
    (fp_line (start 1.35 1.2) (end 1.35 -1.2) (layer F.Fab) (width 0.1))
    (fp_line (start 1.35 -1.2) (end -1.35 -1.2) (layer F.Fab) (width 0.1))
    (fp_line (start -1.9 -1.4) (end 1.9 -1.4) (layer F.SilkS) (width 0.12))
    (fp_line (start -1.9 1.4) (end 1.9 1.4) (layer F.SilkS) (width 0.12))
    (fp_line (start -1.9 1.4) (end -1.9 0.65) (layer F.SilkS) (width 0.12))
    (fp_circle (center 0 0) (end 0 -1) (layer F.Fab) (width 0.1))
    (pad 3 smd rect (at 1 0.65 90) (size 1 0.6) (layers F.Cu F.Paste F.Mask)
      (net 4 "Net-(D2-Pad1)"))
    (pad 4 smd rect (at 1 -0.65 90) (size 1 0.6) (layers F.Cu F.Paste F.Mask)
      (net 1 +5V))
    (pad 2 smd rect (at -1 0.65 90) (size 1 0.6) (layers F.Cu F.Paste F.Mask)
      (net 2 GND))
    (pad 1 smd rect (at -1 -0.65 90) (size 1 0.6) (layers F.Cu F.Paste F.Mask)
      (net 5 "Net-(D3-Pad1)"))
    (model ${KISYS3DMOD}/LED_SMD.3dshapes/LED_SK6812_PLCC4_5.0x5.0mm_P3.2mm.wrl
      (at (xyz 0 0 0))
      (scale (xyz 0.54 0.48 0.8))
      (rotate (xyz 0 0 0))
    )
  )

  (module LED_SMD:LED_SK6805_PLCC4_2.4x2.7mm_P1.3mm (layer F.Cu) (tedit 5AA4B1EE) (tstamp 5F43DA06)
    (at 154 96.5 90)
    (descr https://cdn-shop.adafruit.com/product-files/3484/3484_Datasheet.pdf)
    (tags "LED RGB NeoPixel Nano")
    (path /5F4405B6)
    (attr smd)
    (fp_text reference D4 (at 3 0 180) (layer F.SilkS)
      (effects (font (size 1 1) (thickness 0.15)))
    )
    (fp_text value SK6805 (at 0 2.7 90) (layer F.Fab) hide
      (effects (font (size 1 1) (thickness 0.15)))
    )
    (fp_circle (center 0 0) (end 0 -1) (layer F.Fab) (width 0.1))
    (fp_line (start -1.9 1.4) (end -1.9 0.65) (layer F.SilkS) (width 0.12))
    (fp_line (start -1.9 1.4) (end 1.9 1.4) (layer F.SilkS) (width 0.12))
    (fp_line (start -1.9 -1.4) (end 1.9 -1.4) (layer F.SilkS) (width 0.12))
    (fp_line (start 1.35 -1.2) (end -1.35 -1.2) (layer F.Fab) (width 0.1))
    (fp_line (start 1.35 1.2) (end 1.35 -1.2) (layer F.Fab) (width 0.1))
    (fp_line (start -1.35 1.2) (end 1.35 1.2) (layer F.Fab) (width 0.1))
    (fp_line (start -1.35 -1.2) (end -1.35 1.2) (layer F.Fab) (width 0.1))
    (fp_line (start -1.35 0.6) (end -0.75 1.2) (layer F.Fab) (width 0.1))
    (fp_line (start -1.75 -1.45) (end -1.75 1.45) (layer F.CrtYd) (width 0.05))
    (fp_line (start -1.75 1.45) (end 1.75 1.45) (layer F.CrtYd) (width 0.05))
    (fp_line (start 1.75 1.45) (end 1.75 -1.45) (layer F.CrtYd) (width 0.05))
    (fp_line (start 1.75 -1.45) (end -1.75 -1.45) (layer F.CrtYd) (width 0.05))
    (fp_text user %R (at 0 0 90) (layer F.Fab)
      (effects (font (size 0.4 0.4) (thickness 0.08)))
    )
    (fp_text user 1 (at -2.15 -0.65 90) (layer F.SilkS)
      (effects (font (size 0.75 0.75) (thickness 0.12)))
    )
    (pad 1 smd rect (at -1 -0.65 90) (size 1 0.6) (layers F.Cu F.Paste F.Mask)
      (net 6 "Net-(D4-Pad1)"))
    (pad 2 smd rect (at -1 0.65 90) (size 1 0.6) (layers F.Cu F.Paste F.Mask)
      (net 2 GND))
    (pad 4 smd rect (at 1 -0.65 90) (size 1 0.6) (layers F.Cu F.Paste F.Mask)
      (net 1 +5V))
    (pad 3 smd rect (at 1 0.65 90) (size 1 0.6) (layers F.Cu F.Paste F.Mask)
      (net 5 "Net-(D3-Pad1)"))
    (model ${KISYS3DMOD}/LED_SMD.3dshapes/LED_SK6812_PLCC4_5.0x5.0mm_P3.2mm.wrl
      (at (xyz 0 0 0))
      (scale (xyz 0.54 0.48 0.8))
      (rotate (xyz 0 0 0))
    )
  )

  (module LED_SMD:LED_SK6805_PLCC4_2.4x2.7mm_P1.3mm (layer F.Cu) (tedit 5AA4B1EE) (tstamp 5F43D358)
    (at 150.5 96.5 90)
    (descr https://cdn-shop.adafruit.com/product-files/3484/3484_Datasheet.pdf)
    (tags "LED RGB NeoPixel Nano")
    (path /5F440BF2)
    (attr smd)
    (fp_text reference D5 (at 3 0 180) (layer F.SilkS)
      (effects (font (size 1 1) (thickness 0.15)))
    )
    (fp_text value SK6805 (at 0 2.7 90) (layer F.Fab) hide
      (effects (font (size 1 1) (thickness 0.15)))
    )
    (fp_text user 1 (at -2.15 -0.65 90) (layer F.SilkS)
      (effects (font (size 0.75 0.75) (thickness 0.12)))
    )
    (fp_text user %R (at 0 0 90) (layer F.Fab)
      (effects (font (size 0.4 0.4) (thickness 0.08)))
    )
    (fp_line (start 1.75 -1.45) (end -1.75 -1.45) (layer F.CrtYd) (width 0.05))
    (fp_line (start 1.75 1.45) (end 1.75 -1.45) (layer F.CrtYd) (width 0.05))
    (fp_line (start -1.75 1.45) (end 1.75 1.45) (layer F.CrtYd) (width 0.05))
    (fp_line (start -1.75 -1.45) (end -1.75 1.45) (layer F.CrtYd) (width 0.05))
    (fp_line (start -1.35 0.6) (end -0.75 1.2) (layer F.Fab) (width 0.1))
    (fp_line (start -1.35 -1.2) (end -1.35 1.2) (layer F.Fab) (width 0.1))
    (fp_line (start -1.35 1.2) (end 1.35 1.2) (layer F.Fab) (width 0.1))
    (fp_line (start 1.35 1.2) (end 1.35 -1.2) (layer F.Fab) (width 0.1))
    (fp_line (start 1.35 -1.2) (end -1.35 -1.2) (layer F.Fab) (width 0.1))
    (fp_line (start -1.9 -1.4) (end 1.9 -1.4) (layer F.SilkS) (width 0.12))
    (fp_line (start -1.9 1.4) (end 1.9 1.4) (layer F.SilkS) (width 0.12))
    (fp_line (start -1.9 1.4) (end -1.9 0.65) (layer F.SilkS) (width 0.12))
    (fp_circle (center 0 0) (end 0 -1) (layer F.Fab) (width 0.1))
    (pad 3 smd rect (at 1 0.65 90) (size 1 0.6) (layers F.Cu F.Paste F.Mask)
      (net 6 "Net-(D4-Pad1)"))
    (pad 4 smd rect (at 1 -0.65 90) (size 1 0.6) (layers F.Cu F.Paste F.Mask)
      (net 1 +5V))
    (pad 2 smd rect (at -1 0.65 90) (size 1 0.6) (layers F.Cu F.Paste F.Mask)
      (net 2 GND))
    (pad 1 smd rect (at -1 -0.65 90) (size 1 0.6) (layers F.Cu F.Paste F.Mask)
      (net 7 "Net-(D5-Pad1)"))
