(kicad_pcb (version 20171130) (host pcbnew "(5.1.5-0-10_14)")

  (general
    (thickness 1.6)
    (drawings 13)
    (tracks 83)
    (zones 0)
    (modules 22)
    (nets 31)
  )

  (page A4)
  (layers
    (0 F.Cu signal)
    (31 B.Cu signal)
    (32 B.Adhes user)
    (33 F.Adhes user)
    (34 B.Paste user)
    (35 F.Paste user)
    (36 B.SilkS user)
    (37 F.SilkS user)
    (38 B.Mask user)
    (39 F.Mask user)
    (40 Dwgs.User user)
    (41 Cmts.User user)
    (42 Eco1.User user)
    (43 Eco2.User user)
    (44 Edge.Cuts user)
    (45 Margin user)
    (46 B.CrtYd user)
    (47 F.CrtYd user)
    (48 B.Fab user)
    (49 F.Fab user)
  )

  (setup
    (last_trace_width 0.8)
    (trace_clearance 0.6)
    (zone_clearance 0.508)
    (zone_45_only no)
    (trace_min 0.2)
    (via_size 0.8)
    (via_drill 0.4)
    (via_min_size 0.4)
    (via_min_drill 0.3)
    (uvia_size 0.3)
    (uvia_drill 0.1)
    (uvias_allowed no)
    (uvia_min_size 0.2)
    (uvia_min_drill 0.1)
    (edge_width 0.05)
    (segment_width 0.2)
    (pcb_text_width 0.3)
    (pcb_text_size 1.5 1.5)
    (mod_edge_width 0.12)
    (mod_text_size 1 1)
    (mod_text_width 0.15)
    (pad_size 1.524 1.524)
    (pad_drill 0.762)
    (pad_to_mask_clearance 0.051)
    (solder_mask_min_width 0.25)
    (aux_axis_origin 0 0)
    (visible_elements FFFFFF7F)
    (pcbplotparams
      (layerselection 0x01054_fffffffe)
      (usegerberextensions false)
      (usegerberattributes false)
      (usegerberadvancedattributes false)
      (creategerberjobfile false)
      (excludeedgelayer true)
      (linewidth 0.100000)
      (plotframeref false)
      (viasonmask false)
      (mode 1)
      (useauxorigin false)
      (hpglpennumber 1)
      (hpglpenspeed 20)
      (hpglpendiameter 15.000000)
      (psnegative false)
      (psa4output false)
      (plotreference true)
      (plotvalue true)
      (plotinvisibletext false)
      (padsonsilk false)
      (subtractmaskfromsilk false)
      (outputformat 1)
      (mirror false)
      (drillshape 0)
      (scaleselection 1)
      (outputdirectory "../gerber/mcu_board"))
  )

  (net 0 "")
  (net 1 LED1)
  (net 2 LED2)
  (net 3 LED3)
  (net 4 LED4)
  (net 5 LED5)
  (net 6 LED6)
  (net 7 LED7)
  (net 8 LED8)
  (net 9 LED9)
  (net 10 LED10)
  (net 11 GND)
  (net 12 +5V)
  (net 13 +12V)
  (net 14 EMPTY)
  (net 15 FULL)
  (net 16 "Net-(U1-Pad1)")
  (net 17 "Net-(U1-Pad22)")
  (net 18 "Net-(U1-Pad24)")
  (net 19 "Net-(R3-Pad1)")
  (net 20 "Net-(R4-Pad1)")
  (net 21 "Net-(R5-Pad1)")
  (net 22 "Net-(R6-Pad1)")
  (net 23 "Net-(R7-Pad1)")
  (net 24 "Net-(R8-Pad1)")
  (net 25 "Net-(R9-Pad1)")
  (net 26 "Net-(R10-Pad1)")
  (net 27 "Net-(R11-Pad1)")
  (net 28 "Net-(R12-Pad1)")
  (net 29 SENSOR)
  (net 30 "Net-(J2-Pad2)")

  (net_class Default "This is the default net class."
    (clearance 0.6)
    (trace_width 0.8)
    (via_dia 0.8)
    (via_drill 0.4)
    (uvia_dia 0.3)
    (uvia_drill 0.1)
    (add_net +12V)
    (add_net +5V)
    (add_net EMPTY)
    (add_net FULL)
    (add_net GND)
    (add_net LED1)
    (add_net LED10)
    (add_net LED2)
    (add_net LED3)
    (add_net LED4)
    (add_net LED5)
    (add_net LED6)
    (add_net LED7)
    (add_net LED8)
    (add_net LED9)
    (add_net "Net-(J2-Pad2)")
    (add_net "Net-(R10-Pad1)")
    (add_net "Net-(R11-Pad1)")
    (add_net "Net-(R12-Pad1)")
    (add_net "Net-(R3-Pad1)")
    (add_net "Net-(R4-Pad1)")
    (add_net "Net-(R5-Pad1)")
    (add_net "Net-(R6-Pad1)")
    (add_net "Net-(R7-Pad1)")
    (add_net "Net-(R8-Pad1)")
    (add_net "Net-(R9-Pad1)")
    (add_net "Net-(U1-Pad1)")
    (add_net "Net-(U1-Pad22)")
    (add_net "Net-(U1-Pad24)")
    (add_net SENSOR)
  )

  (module lib:LEDBoardHole (layer F.Cu) (tedit 5F1715A1) (tstamp 5F176B2B)
    (at 142 101.75)
    (attr virtual)
    (fp_text reference REF** (at 0 -3.2) (layer F.SilkS) hide
      (effects (font (size 1 1) (thickness 0.15)))
    )
    (fp_text value LEDBoardHole (at 0 3.2) (layer F.Fab) hide
      (effects (font (size 1 1) (thickness 0.15)))
    )
    (fp_text user %R (at 0.3 0) (layer F.Fab)
      (effects (font (size 1 1) (thickness 0.15)))
    )
    (pad "" np_thru_hole oval (at 0 0) (size 43 1.5) (drill oval 43 1.5) (layers *.Cu *.Mask))
  )

  (module led_lib:PCBEdge_x11 (layer B.Cu) (tedit 5F16ADD3) (tstamp 5F177A29)
    (at 157.75 104 180)
    (descr PCBEdge_Pin_HEader_x11)
    (tags PCBEdge)
    (path /5F1A5AD5)
    (attr virtual)
    (fp_text reference J1 (at 11.176 2.54) (layer B.SilkS)
      (effects (font (size 1 1) (thickness 0.15)) (justify mirror))
    )
    (fp_text value Conn_01x11_Male (at 11.684 -2.794) (layer B.Fab)
      (effects (font (size 1 1) (thickness 0.15)) (justify mirror))
    )
    (fp_line (start -4.064 1.524) (end 35.56 1.524) (layer B.CrtYd) (width 0.05))
    (fp_line (start -4.064 1.524) (end -4.064 -1.524) (layer B.CrtYd) (width 0.05))
    (fp_line (start 35.56 -1.524) (end 35.56 1.524) (layer B.CrtYd) (width 0.05))
    (fp_line (start 35.56 -1.524) (end -4.064 -1.524) (layer B.CrtYd) (width 0.05))
    (pad 1 connect rect (at 0 0 180) (size 2 3) (layers B.Cu B.Mask)
      (net 1 LED1))
    (pad 2 connect rect (at 3.5 0 180) (size 2 3) (layers B.Cu B.Mask)
      (net 2 LED2))
    (pad 3 connect rect (at 7 0 180) (size 2 3) (layers B.Cu B.Mask)
      (net 3 LED3))
    (pad 4 connect rect (at 10.5 0 180) (size 2 3) (layers B.Cu B.Mask)
      (net 4 LED4))
    (pad 5 connect rect (at 14 0 180) (size 2 3) (layers B.Cu B.Mask)
      (net 5 LED5))
    (pad 6 connect rect (at 17.5 0) (size 2 3) (layers B.Cu B.Mask)
      (net 6 LED6))
    (pad 7 connect rect (at 21 0 180) (size 2 3) (layers B.Cu B.Mask)
      (net 7 LED7))
    (pad 8 connect rect (at 24.5 0 180) (size 2 3) (layers B.Cu B.Mask)
      (net 8 LED8))
    (pad 9 connect rect (at 28 0 180) (size 2 3) (layers B.Cu B.Mask)
      (net 9 LED9))
    (pad 10 connect rect (at 31.5 0 180) (size 2 3) (layers B.Cu B.Mask)
      (net 10 LED10))
    (pad 11 connect rect (at 34.5 0 180) (size 2 3) (layers B.Cu B.Mask)
      (net 11 GND))
    (pad 11 connect rect (at -3 0 180) (size 2 3) (layers B.Cu B.Mask)
      (net 11 GND))
    (model /Users/max_romanov/projects/fuel_gauge/led_board/led_board.wrl
      (offset (xyz 0 2 1.5))
      (scale (xyz 1 1 1))
      (rotate (xyz 90 0 0))
    )
  )

  (module lib:Converter_DCDC_D_SUN_THT (layer F.Cu) (tedit 5F16C062) (tstamp 5F177A46)
    (at 118.364 139.7 90)
    (path /5F19CF59)
    (fp_text reference PS1 (at 3.21 -2.795 90) (layer F.SilkS)
      (effects (font (size 1 1) (thickness 0.15)))
    )
    (fp_text value D-SUN (at 6.858 22.098 90) (layer F.Fab)
      (effects (font (size 1 1) (thickness 0.15)))
    )
    (fp_text user %R (at 3.21 1.945 90) (layer F.Fab)
      (effects (font (size 1 1) (thickness 0.15)))
    )
    (fp_line (start 15.89 -2.095) (end -1.89 -2.095) (layer F.CrtYd) (width 0.05))
    (fp_line (start 15.89 21.095) (end 15.89 -2.095) (layer F.CrtYd) (width 0.05))
    (fp_line (start -1.89 21.095) (end 15.89 21.095) (layer F.CrtYd) (width 0.05))
    (fp_line (start -1.89 -2.095) (end -1.89 21.095) (layer F.CrtYd) (width 0.05))
    (fp_line (start 15.39 -1.59) (end -1.39 -1.59) (layer F.Fab) (width 0.1))
    (fp_line (start 15.39 20.59) (end 15.39 -1.59) (layer F.Fab) (width 0.1))
    (fp_line (start -1.39 20.59) (end 15.39 20.59) (layer F.Fab) (width 0.1))
    (fp_line (start -1.39 -1.59) (end -1.39 20.59) (layer F.Fab) (width 0.1))
    (fp_line (start -1.8 -2) (end -1.8 -0.75) (layer F.Fab) (width 0.1))
    (fp_line (start -0.55 -2) (end -1.8 -2) (layer F.Fab) (width 0.1))
    (fp_line (start -1.8 -2) (end -1.8 -0.75) (layer F.SilkS) (width 0.12))
    (fp_line (start -0.55 -2) (end -1.8 -2) (layer F.SilkS) (width 0.12))
    (fp_line (start 15.5 -1.7) (end -1.5 -1.7) (layer F.SilkS) (width 0.12))
    (fp_line (start -1.5 20.7) (end 15.5 20.7) (layer F.SilkS) (width 0.12))
    (fp_line (start -1.5 -1.7) (end -1.5 20.7) (layer F.SilkS) (width 0.12))
    (fp_line (start 15.5 -1.7) (end 15.5 20.7) (layer F.SilkS) (width 0.12))
    (pad 3 thru_hole circle (at 0 19 90) (size 1.85 1.85) (drill 0.85) (layers *.Cu *.Mask)
      (net 12 +5V))
    (pad 2 thru_hole circle (at 14 0 90) (size 1.85 1.85) (drill 0.85) (layers *.Cu *.Mask)
      (net 11 GND))
    (pad 1 thru_hole rect (at 0 0 90) (size 1.85 1.85) (drill 0.85) (layers *.Cu *.Mask)
      (net 13 +12V))
    (pad 1 thru_hole rect (at 2.54 0 90) (size 1.85 1.85) (drill 0.85) (layers *.Cu *.Mask)
      (net 13 +12V))
    (pad 2 thru_hole circle (at 11.46 0 90) (size 1.85 1.85) (drill 0.85) (layers *.Cu *.Mask)
      (net 11 GND))
    (pad 3 thru_hole circle (at 2.54 19 90) (size 1.85 1.85) (drill 0.85) (layers *.Cu *.Mask)
      (net 12 +5V))
    (pad 4 thru_hole circle (at 11.46 19 90) (size 1.85 1.85) (drill 0.85) (layers *.Cu *.Mask)
      (net 11 GND))
    (pad 4 thru_hole circle (at 14 19 90) (size 1.85 1.85) (drill 0.85) (layers *.Cu *.Mask)
      (net 11 GND))
  )

  (module Button_Switch_THT:SW_Tactile_SPST_Angled_PTS645Vx58-2LFS (layer F.Cu) (tedit 5A02FE31) (tstamp 5F177A8A)
    (at 167.132 113.538 270)
    (descr "tactile switch SPST right angle, PTS645VL58-2 LFS")
    (tags "tactile switch SPST angled PTS645VL58-2 LFS C&K Button")
    (path /5F19E49E)
    (fp_text reference SW1 (at 2.25 1.68 90) (layer F.SilkS)
      (effects (font (size 1 1) (thickness 0.15)))
    )
    (fp_text value SW_Push (at 2.25 5.38988 90) (layer F.Fab)
      (effects (font (size 1 1) (thickness 0.15)))
    )
    (fp_line (start 0.5 -5.85) (end 0.5 -2.59) (layer F.Fab) (width 0.1))
    (fp_line (start 4 -5.85) (end 4 -2.59) (layer F.Fab) (width 0.1))
    (fp_line (start 0.5 -5.85) (end 4 -5.85) (layer F.Fab) (width 0.1))
    (fp_text user %R (at 2.25 1.68 90) (layer F.Fab)
      (effects (font (size 1 1) (thickness 0.15)))
    )
    (fp_line (start -1.09 0.97) (end -1.09 1.2) (layer F.SilkS) (width 0.12))
    (fp_line (start 5.7 4.2) (end 5.7 0.86) (layer F.Fab) (width 0.1))
    (fp_line (start -1.5 4.2) (end -1.2 4.2) (layer F.Fab) (width 0.1))
    (fp_line (start -1.2 0.86) (end 5.7 0.86) (layer F.Fab) (width 0.1))
    (fp_line (start 6 4.2) (end 6 -2.59) (layer F.Fab) (width 0.1))
    (fp_line (start -2.5 -2.8) (end 7.05 -2.8) (layer F.CrtYd) (width 0.05))
    (fp_line (start 7.05 -2.8) (end 7.05 4.45) (layer F.CrtYd) (width 0.05))
    (fp_line (start 7.05 4.45) (end -2.5 4.45) (layer F.CrtYd) (width 0.05))
    (fp_line (start -2.5 4.45) (end -2.5 -2.8) (layer F.CrtYd) (width 0.05))
    (fp_line (start -1.61 -2.7) (end 6.11 -2.7) (layer F.SilkS) (width 0.12))
    (fp_line (start 6.11 -2.7) (end 6.11 1.2) (layer F.SilkS) (width 0.12))
    (fp_line (start -1.61 4.31) (end -1.09 4.31) (layer F.SilkS) (width 0.12))
    (fp_line (start -1.61 -2.7) (end -1.61 1.2) (layer F.SilkS) (width 0.12))
    (fp_line (start -1.5 -2.59) (end 6 -2.59) (layer F.Fab) (width 0.1))
    (fp_line (start -1.5 4.2) (end -1.5 -2.59) (layer F.Fab) (width 0.1))
    (fp_line (start 5.7 4.2) (end 6 4.2) (layer F.Fab) (width 0.1))
    (fp_line (start -1.2 4.2) (end -1.2 0.86) (layer F.Fab) (width 0.1))
    (fp_line (start 5.59 0.97) (end 5.59 1.2) (layer F.SilkS) (width 0.12))
    (fp_line (start -1.09 3.8) (end -1.09 4.31) (layer F.SilkS) (width 0.12))
    (fp_line (start -1.61 3.8) (end -1.61 4.31) (layer F.SilkS) (width 0.12))
    (fp_line (start 5.05 0.97) (end 5.59 0.97) (layer F.SilkS) (width 0.12))
    (fp_line (start 5.59 3.8) (end 5.59 4.31) (layer F.SilkS) (width 0.12))
    (fp_line (start 5.59 4.31) (end 6.11 4.31) (layer F.SilkS) (width 0.12))
    (fp_line (start 6.11 3.8) (end 6.11 4.31) (layer F.SilkS) (width 0.12))
    (fp_line (start -1.09 0.97) (end -0.55 0.97) (layer F.SilkS) (width 0.12))
    (fp_line (start 0.55 0.97) (end 3.95 0.97) (layer F.SilkS) (width 0.12))
    (pad "" thru_hole circle (at 5.76 2.49 270) (size 2.1 2.1) (drill 1.3) (layers *.Cu *.Mask))
    (pad 2 thru_hole circle (at 4.5 0 270) (size 1.75 1.75) (drill 0.99) (layers *.Cu *.Mask)
      (net 14 EMPTY))
    (pad 1 thru_hole circle (at 0 0 270) (size 1.75 1.75) (drill 0.99) (layers *.Cu *.Mask)
      (net 11 GND))
    (pad "" thru_hole circle (at -1.25 2.49 270) (size 2.1 2.1) (drill 1.3) (layers *.Cu *.Mask))
    (model ${KISYS3DMOD}/Button_Switch_THT.3dshapes/SW_Tactile_SPST_Angled_PTS645Vx58-2LFS.wrl
      (at (xyz 0 0 0))
      (scale (xyz 1 1 1))
      (rotate (xyz 0 0 0))
    )
  )

  (module Button_Switch_THT:SW_Tactile_SPST_Angled_PTS645Vx58-2LFS (layer F.Cu) (tedit 5A02FE31) (tstamp 5F177AB0)
    (at 167.132 132.08 270)
    (descr "tactile switch SPST right angle, PTS645VL58-2 LFS")
    (tags "tactile switch SPST angled PTS645VL58-2 LFS C&K Button")
    (path /5F1A41D7)
    (fp_text reference SW2 (at 2.25 1.68 90) (layer F.SilkS)
      (effects (font (size 1 1) (thickness 0.15)))
    )
    (fp_text value SW_Push (at 2.25 5.38988 90) (layer F.Fab)
      (effects (font (size 1 1) (thickness 0.15)))
    )
    (fp_line (start 0.55 0.97) (end 3.95 0.97) (layer F.SilkS) (width 0.12))
    (fp_line (start -1.09 0.97) (end -0.55 0.97) (layer F.SilkS) (width 0.12))
    (fp_line (start 6.11 3.8) (end 6.11 4.31) (layer F.SilkS) (width 0.12))
    (fp_line (start 5.59 4.31) (end 6.11 4.31) (layer F.SilkS) (width 0.12))
    (fp_line (start 5.59 3.8) (end 5.59 4.31) (layer F.SilkS) (width 0.12))
    (fp_line (start 5.05 0.97) (end 5.59 0.97) (layer F.SilkS) (width 0.12))
    (fp_line (start -1.61 3.8) (end -1.61 4.31) (layer F.SilkS) (width 0.12))
    (fp_line (start -1.09 3.8) (end -1.09 4.31) (layer F.SilkS) (width 0.12))
    (fp_line (start 5.59 0.97) (end 5.59 1.2) (layer F.SilkS) (width 0.12))
    (fp_line (start -1.2 4.2) (end -1.2 0.86) (layer F.Fab) (width 0.1))
    (fp_line (start 5.7 4.2) (end 6 4.2) (layer F.Fab) (width 0.1))
    (fp_line (start -1.5 4.2) (end -1.5 -2.59) (layer F.Fab) (width 0.1))
    (fp_line (start -1.5 -2.59) (end 6 -2.59) (layer F.Fab) (width 0.1))
    (fp_line (start -1.61 -2.7) (end -1.61 1.2) (layer F.SilkS) (width 0.12))
    (fp_line (start -1.61 4.31) (end -1.09 4.31) (layer F.SilkS) (width 0.12))
    (fp_line (start 6.11 -2.7) (end 6.11 1.2) (layer F.SilkS) (width 0.12))
    (fp_line (start -1.61 -2.7) (end 6.11 -2.7) (layer F.SilkS) (width 0.12))
    (fp_line (start -2.5 4.45) (end -2.5 -2.8) (layer F.CrtYd) (width 0.05))
    (fp_line (start 7.05 4.45) (end -2.5 4.45) (layer F.CrtYd) (width 0.05))
    (fp_line (start 7.05 -2.8) (end 7.05 4.45) (layer F.CrtYd) (width 0.05))
    (fp_line (start -2.5 -2.8) (end 7.05 -2.8) (layer F.CrtYd) (width 0.05))
    (fp_line (start 6 4.2) (end 6 -2.59) (layer F.Fab) (width 0.1))
    (fp_line (start -1.2 0.86) (end 5.7 0.86) (layer F.Fab) (width 0.1))
    (fp_line (start -1.5 4.2) (end -1.2 4.2) (layer F.Fab) (width 0.1))
    (fp_line (start 5.7 4.2) (end 5.7 0.86) (layer F.Fab) (width 0.1))
    (fp_line (start -1.09 0.97) (end -1.09 1.2) (layer F.SilkS) (width 0.12))
    (fp_text user %R (at 2.25 1.68 90) (layer F.Fab)
      (effects (font (size 1 1) (thickness 0.15)))
    )
    (fp_line (start 0.5 -5.85) (end 4 -5.85) (layer F.Fab) (width 0.1))
    (fp_line (start 4 -5.85) (end 4 -2.59) (layer F.Fab) (width 0.1))
    (fp_line (start 0.5 -5.85) (end 0.5 -2.59) (layer F.Fab) (width 0.1))
    (pad "" thru_hole circle (at -1.25 2.49 270) (size 2.1 2.1) (drill 1.3) (layers *.Cu *.Mask))
    (pad 1 thru_hole circle (at 0 0 270) (size 1.75 1.75) (drill 0.99) (layers *.Cu *.Mask)
      (net 15 FULL))
    (pad 2 thru_hole circle (at 4.5 0 270) (size 1.75 1.75) (drill 0.99) (layers *.Cu *.Mask)
      (net 11 GND))
    (pad "" thru_hole circle (at 5.76 2.49 270) (size 2.1 2.1) (drill 1.3) (layers *.Cu *.Mask))
    (model ${KISYS3DMOD}/Button_Switch_THT.3dshapes/SW_Tactile_SPST_Angled_PTS645Vx58-2LFS.wrl
      (at (xyz 0 0 0))
      (scale (xyz 1 1 1))
      (rotate (xyz 0 0 0))
    )
  )

  (module Resistor_SMD:R_0805_2012Metric_Pad1.15x1.40mm_HandSolder (layer B.Cu) (tedit 5B36C52B) (tstamp 5F179885)
    (at 140.208 108.204 90)
    (descr "Resistor SMD 0805 (2012 Metric), square (rectangular) end terminal, IPC_7351 nominal with elongated pad for handsoldering. (Body size source: https://docs.google.com/spreadsheets/d/1BsfQQcO9C6DZCsRaXUlFlo91Tg2WpOkGARC1WS5S8t0/edit?usp=sharing), generated with kicad-footprint-generator")
    (tags "resistor handsolder")
    (path /5F1AEBF6)
    (attr smd)
    (fp_text reference R3 (at 0 1.65 90) (layer B.SilkS)
      (effects (font (size 1 1) (thickness 0.15)) (justify mirror))
    )
    (fp_text value 330 (at 0 -1.65 90) (layer B.Fab)
      (effects (font (size 1 1) (thickness 0.15)) (justify mirror))
    )
    (fp_text user %R (at 0 0 90) (layer B.Fab)
      (effects (font (size 0.5 0.5) (thickness 0.08)) (justify mirror))
    )
    (fp_line (start 1.85 -0.95) (end -1.85 -0.95) (layer B.CrtYd) (width 0.05))
    (fp_line (start 1.85 0.95) (end 1.85 -0.95) (layer B.CrtYd) (width 0.05))
    (fp_line (start -1.85 0.95) (end 1.85 0.95) (layer B.CrtYd) (width 0.05))
    (fp_line (start -1.85 -0.95) (end -1.85 0.95) (layer B.CrtYd) (width 0.05))
    (fp_line (start -0.261252 -0.71) (end 0.261252 -0.71) (layer B.SilkS) (width 0.12))
    (fp_line (start -0.261252 0.71) (end 0.261252 0.71) (layer B.SilkS) (width 0.12))
    (fp_line (start 1 -0.6) (end -1 -0.6) (layer B.Fab) (width 0.1))
    (fp_line (start 1 0.6) (end 1 -0.6) (layer B.Fab) (width 0.1))
    (fp_line (start -1 0.6) (end 1 0.6) (layer B.Fab) (width 0.1))
    (fp_line (start -1 -0.6) (end -1 0.6) (layer B.Fab) (width 0.1))
    (pad 2 smd roundrect (at 1.025 0 90) (size 1.15 1.4) (layers B.Cu B.Paste B.Mask) (roundrect_rratio 0.217391)
      (net 6 LED6))
    (pad 1 smd roundrect (at -1.025 0 90) (size 1.15 1.4) (layers B.Cu B.Paste B.Mask) (roundrect_rratio 0.217391)
      (net 19 "Net-(R3-Pad1)"))
    (model ${KISYS3DMOD}/Resistor_SMD.3dshapes/R_0805_2012Metric.wrl
      (at (xyz 0 0 0))
      (scale (xyz 1 1 1))
      (rotate (xyz 0 0 0))
    )
  )

  (module Resistor_SMD:R_0805_2012Metric_Pad1.15x1.40mm_HandSolder (layer B.Cu) (tedit 5B36C52B) (tstamp 5F179896)
    (at 143.764 108.204 90)
    (descr "Resistor SMD 0805 (2012 Metric), square (rectangular) end terminal, IPC_7351 nominal with elongated pad for handsoldering. (Body size source: https://docs.google.com/spreadsheets/d/1BsfQQcO9C6DZCsRaXUlFlo91Tg2WpOkGARC1WS5S8t0/edit?usp=sharing), generated with kicad-footprint-generator")
    (tags "resistor handsolder")
    (path /5F1AEBEB)
    (attr smd)
    (fp_text reference R4 (at 0 1.65 90) (layer B.SilkS)
      (effects (font (size 1 1) (thickness 0.15)) (justify mirror))
    )
    (fp_text value 330 (at 0 -1.65 90) (layer B.Fab)
      (effects (font (size 1 1) (thickness 0.15)) (justify mirror))
    )
    (fp_line (start -1 -0.6) (end -1 0.6) (layer B.Fab) (width 0.1))
    (fp_line (start -1 0.6) (end 1 0.6) (layer B.Fab) (width 0.1))
    (fp_line (start 1 0.6) (end 1 -0.6) (layer B.Fab) (width 0.1))
    (fp_line (start 1 -0.6) (end -1 -0.6) (layer B.Fab) (width 0.1))
    (fp_line (start -0.261252 0.71) (end 0.261252 0.71) (layer B.SilkS) (width 0.12))
    (fp_line (start -0.261252 -0.71) (end 0.261252 -0.71) (layer B.SilkS) (width 0.12))
    (fp_line (start -1.85 -0.95) (end -1.85 0.95) (layer B.CrtYd) (width 0.05))
    (fp_line (start -1.85 0.95) (end 1.85 0.95) (layer B.CrtYd) (width 0.05))
    (fp_line (start 1.85 0.95) (end 1.85 -0.95) (layer B.CrtYd) (width 0.05))
    (fp_line (start 1.85 -0.95) (end -1.85 -0.95) (layer B.CrtYd) (width 0.05))
    (fp_text user %R (at 0 0 90) (layer B.Fab)
      (effects (font (size 0.5 0.5) (thickness 0.08)) (justify mirror))
    )
    (pad 1 smd roundrect (at -1.025 0 90) (size 1.15 1.4) (layers B.Cu B.Paste B.Mask) (roundrect_rratio 0.217391)
      (net 20 "Net-(R4-Pad1)"))
    (pad 2 smd roundrect (at 1.025 0 90) (size 1.15 1.4) (layers B.Cu B.Paste B.Mask) (roundrect_rratio 0.217391)
      (net 5 LED5))
    (model ${KISYS3DMOD}/Resistor_SMD.3dshapes/R_0805_2012Metric.wrl
      (at (xyz 0 0 0))
      (scale (xyz 1 1 1))
      (rotate (xyz 0 0 0))
    )
  )

  (module Resistor_SMD:R_0805_2012Metric_Pad1.15x1.40mm_HandSolder (layer B.Cu) (tedit 5B36C52B) (tstamp 5F1798A7)
    (at 147.32 108.204 90)
    (descr "Resistor SMD 0805 (2012 Metric), square (rectangular) end terminal, IPC_7351 nominal with elongated pad for handsoldering. (Body size source: https://docs.google.com/spreadsheets/d/1BsfQQcO9C6DZCsRaXUlFlo91Tg2WpOkGARC1WS5S8t0/edit?usp=sharing), generated with kicad-footprint-generator")
    (tags "resistor handsolder")
    (path /5F1AE5A2)
    (attr smd)
    (fp_text reference R5 (at 0 1.65 90) (layer B.SilkS)
      (effects (font (size 1 1) (thickness 0.15)) (justify mirror))
    )
    (fp_text value 330 (at 0 -1.65 90) (layer B.Fab)
      (effects (font (size 1 1) (thickness 0.15)) (justify mirror))
    )
    (fp_text user %R (at 0 0 90) (layer B.Fab)
      (effects (font (size 0.5 0.5) (thickness 0.08)) (justify mirror))
    )
    (fp_line (start 1.85 -0.95) (end -1.85 -0.95) (layer B.CrtYd) (width 0.05))
    (fp_line (start 1.85 0.95) (end 1.85 -0.95) (layer B.CrtYd) (width 0.05))
    (fp_line (start -1.85 0.95) (end 1.85 0.95) (layer B.CrtYd) (width 0.05))
    (fp_line (start -1.85 -0.95) (end -1.85 0.95) (layer B.CrtYd) (width 0.05))
    (fp_line (start -0.261252 -0.71) (end 0.261252 -0.71) (layer B.SilkS) (width 0.12))
    (fp_line (start -0.261252 0.71) (end 0.261252 0.71) (layer B.SilkS) (width 0.12))
    (fp_line (start 1 -0.6) (end -1 -0.6) (layer B.Fab) (width 0.1))
    (fp_line (start 1 0.6) (end 1 -0.6) (layer B.Fab) (width 0.1))
    (fp_line (start -1 0.6) (end 1 0.6) (layer B.Fab) (width 0.1))
    (fp_line (start -1 -0.6) (end -1 0.6) (layer B.Fab) (width 0.1))
    (pad 2 smd roundrect (at 1.025 0 90) (size 1.15 1.4) (layers B.Cu B.Paste B.Mask) (roundrect_rratio 0.217391)
      (net 4 LED4))
    (pad 1 smd roundrect (at -1.025 0 90) (size 1.15 1.4) (layers B.Cu B.Paste B.Mask) (roundrect_rratio 0.217391)
      (net 21 "Net-(R5-Pad1)"))
    (model ${KISYS3DMOD}/Resistor_SMD.3dshapes/R_0805_2012Metric.wrl
      (at (xyz 0 0 0))
      (scale (xyz 1 1 1))
      (rotate (xyz 0 0 0))
    )
  )

  (module Resistor_SMD:R_0805_2012Metric_Pad1.15x1.40mm_HandSolder (layer B.Cu) (tedit 5B36C52B) (tstamp 5F179BAC)
    (at 136.652 108.204 90)
    (descr "Resistor SMD 0805 (2012 Metric), square (rectangular) end terminal, IPC_7351 nominal with elongated pad for handsoldering. (Body size source: https://docs.google.com/spreadsheets/d/1BsfQQcO9C6DZCsRaXUlFlo91Tg2WpOkGARC1WS5S8t0/edit?usp=sharing), generated with kicad-footprint-generator")
    (tags "resistor handsolder")
    (path /5F1B47D7)
    (attr smd)
    (fp_text reference R6 (at 0 1.65 90) (layer B.SilkS)
      (effects (font (size 1 1) (thickness 0.15)) (justify mirror))
    )
    (fp_text value 330 (at 0 -1.65 90) (layer B.Fab)
      (effects (font (size 1 1) (thickness 0.15)) (justify mirror))
    )
    (fp_line (start -1 -0.6) (end -1 0.6) (layer B.Fab) (width 0.1))
    (fp_line (start -1 0.6) (end 1 0.6) (layer B.Fab) (width 0.1))
    (fp_line (start 1 0.6) (end 1 -0.6) (layer B.Fab) (width 0.1))
    (fp_line (start 1 -0.6) (end -1 -0.6) (layer B.Fab) (width 0.1))
    (fp_line (start -0.261252 0.71) (end 0.261252 0.71) (layer B.SilkS) (width 0.12))
    (fp_line (start -0.261252 -0.71) (end 0.261252 -0.71) (layer B.SilkS) (width 0.12))
    (fp_line (start -1.85 -0.95) (end -1.85 0.95) (layer B.CrtYd) (width 0.05))
    (fp_line (start -1.85 0.95) (end 1.85 0.95) (layer B.CrtYd) (width 0.05))
    (fp_line (start 1.85 0.95) (end 1.85 -0.95) (layer B.CrtYd) (width 0.05))
    (fp_line (start 1.85 -0.95) (end -1.85 -0.95) (layer B.CrtYd) (width 0.05))
    (fp_text user %R (at 0 0 90) (layer B.Fab)
      (effects (font (size 0.5 0.5) (thickness 0.08)) (justify mirror))
    )
    (pad 1 smd roundrect (at -1.025 0 90) (size 1.15 1.4) (layers B.Cu B.Paste B.Mask) (roundrect_rratio 0.217391)
      (net 22 "Net-(R6-Pad1)"))
    (pad 2 smd roundrect (at 1.025 0 90) (size 1.15 1.4) (layers B.Cu B.Paste B.Mask) (roundrect_rratio 0.217391)
      (net 7 LED7))
    (model ${KISYS3DMOD}/Resistor_SMD.3dshapes/R_0805_2012Metric.wrl
      (at (xyz 0 0 0))
      (scale (xyz 1 1 1))
      (rotate (xyz 0 0 0))
    )
  )

  (module Resistor_SMD:R_0805_2012Metric_Pad1.15x1.40mm_HandSolder (layer B.Cu) (tedit 5B36C52B) (tstamp 5F1798C9)
    (at 150.622 108.204 90)
    (descr "Resistor SMD 0805 (2012 Metric), square (rectangular) end terminal, IPC_7351 nominal with elongated pad for handsoldering. (Body size source: https://docs.google.com/spreadsheets/d/1BsfQQcO9C6DZCsRaXUlFlo91Tg2WpOkGARC1WS5S8t0/edit?usp=sharing), generated with kicad-footprint-generator")
    (tags "resistor handsolder")
    (path /5F1AE597)
    (attr smd)
    (fp_text reference R7 (at 0 1.65 90) (layer B.SilkS)
      (effects (font (size 1 1) (thickness 0.15)) (justify mirror))
    )
    (fp_text value 330 (at 0 -1.65 90) (layer B.Fab)
      (effects (font (size 1 1) (thickness 0.15)) (justify mirror))
    )
    (fp_line (start -1 -0.6) (end -1 0.6) (layer B.Fab) (width 0.1))
    (fp_line (start -1 0.6) (end 1 0.6) (layer B.Fab) (width 0.1))
    (fp_line (start 1 0.6) (end 1 -0.6) (layer B.Fab) (width 0.1))
    (fp_line (start 1 -0.6) (end -1 -0.6) (layer B.Fab) (width 0.1))
    (fp_line (start -0.261252 0.71) (end 0.261252 0.71) (layer B.SilkS) (width 0.12))
    (fp_line (start -0.261252 -0.71) (end 0.261252 -0.71) (layer B.SilkS) (width 0.12))
    (fp_line (start -1.85 -0.95) (end -1.85 0.95) (layer B.CrtYd) (width 0.05))
    (fp_line (start -1.85 0.95) (end 1.85 0.95) (layer B.CrtYd) (width 0.05))
    (fp_line (start 1.85 0.95) (end 1.85 -0.95) (layer B.CrtYd) (width 0.05))
    (fp_line (start 1.85 -0.95) (end -1.85 -0.95) (layer B.CrtYd) (width 0.05))
    (fp_text user %R (at 0 0 90) (layer B.Fab)
      (effects (font (size 0.5 0.5) (thickness 0.08)) (justify mirror))
    )
    (pad 1 smd roundrect (at -1.025 0 90) (size 1.15 1.4) (layers B.Cu B.Paste B.Mask) (roundrect_rratio 0.217391)
      (net 23 "Net-(R7-Pad1)"))
    (pad 2 smd roundrect (at 1.025 0 90) (size 1.15 1.4) (layers B.Cu B.Paste B.Mask) (roundrect_rratio 0.217391)
      (net 3 LED3))
    (model ${KISYS3DMOD}/Resistor_SMD.3dshapes/R_0805_2012Metric.wrl
      (at (xyz 0 0 0))
      (scale (xyz 1 1 1))
      (rotate (xyz 0 0 0))
    )
  )

  (module Resistor_SMD:R_0805_2012Metric_Pad1.15x1.40mm_HandSolder (layer B.Cu) (tedit 5B36C52B) (tstamp 5F1798DA)
    (at 133.35 108.204 90)
    (descr "Resistor SMD 0805 (2012 Metric), square (rectangular) end terminal, IPC_7351 nominal with elongated pad for handsoldering. (Body size source: https://docs.google.com/spreadsheets/d/1BsfQQcO9C6DZCsRaXUlFlo91Tg2WpOkGARC1WS5S8t0/edit?usp=sharing), generated with kicad-footprint-generator")
    (tags "resistor handsolder")
    (path /5F1B47E2)
    (attr smd)
    (fp_text reference R8 (at 0 1.65 90) (layer B.SilkS)
      (effects (font (size 1 1) (thickness 0.15)) (justify mirror))
    )
    (fp_text value 330 (at 0 -1.65 90) (layer B.Fab)
      (effects (font (size 1 1) (thickness 0.15)) (justify mirror))
    )
    (fp_text user %R (at 0 0 90) (layer B.Fab)
      (effects (font (size 0.5 0.5) (thickness 0.08)) (justify mirror))
    )
    (fp_line (start 1.85 -0.95) (end -1.85 -0.95) (layer B.CrtYd) (width 0.05))
    (fp_line (start 1.85 0.95) (end 1.85 -0.95) (layer B.CrtYd) (width 0.05))
    (fp_line (start -1.85 0.95) (end 1.85 0.95) (layer B.CrtYd) (width 0.05))
    (fp_line (start -1.85 -0.95) (end -1.85 0.95) (layer B.CrtYd) (width 0.05))
    (fp_line (start -0.261252 -0.71) (end 0.261252 -0.71) (layer B.SilkS) (width 0.12))
    (fp_line (start -0.261252 0.71) (end 0.261252 0.71) (layer B.SilkS) (width 0.12))
    (fp_line (start 1 -0.6) (end -1 -0.6) (layer B.Fab) (width 0.1))
    (fp_line (start 1 0.6) (end 1 -0.6) (layer B.Fab) (width 0.1))
    (fp_line (start -1 0.6) (end 1 0.6) (layer B.Fab) (width 0.1))
    (fp_line (start -1 -0.6) (end -1 0.6) (layer B.Fab) (width 0.1))
    (pad 2 smd roundrect (at 1.025 0 90) (size 1.15 1.4) (layers B.Cu B.Paste B.Mask) (roundrect_rratio 0.217391)
      (net 8 LED8))
    (pad 1 smd roundrect (at -1.025 0 90) (size 1.15 1.4) (layers B.Cu B.Paste B.Mask) (roundrect_rratio 0.217391)
      (net 24 "Net-(R8-Pad1)"))
    (model ${KISYS3DMOD}/Resistor_SMD.3dshapes/R_0805_2012Metric.wrl
      (at (xyz 0 0 0))
      (scale (xyz 1 1 1))
      (rotate (xyz 0 0 0))
    )
  )

  (module Resistor_SMD:R_0805_2012Metric_Pad1.15x1.40mm_HandSolder (layer B.Cu) (tedit 5B36C52B) (tstamp 5F1798EB)
    (at 154.178 108.204 90)
    (descr "Resistor SMD 0805 (2012 Metric), square (rectangular) end terminal, IPC_7351 nominal with elongated pad for handsoldering. (Body size source: https://docs.google.com/spreadsheets/d/1BsfQQcO9C6DZCsRaXUlFlo91Tg2WpOkGARC1WS5S8t0/edit?usp=sharing), generated with kicad-footprint-generator")
    (tags "resistor handsolder")
    (path /5F1AE00E)
    (attr smd)
    (fp_text reference R9 (at 0 1.65 90) (layer B.SilkS)
      (effects (font (size 1 1) (thickness 0.15)) (justify mirror))
    )
    (fp_text value 330 (at 0 -1.65 90) (layer B.Fab)
      (effects (font (size 1 1) (thickness 0.15)) (justify mirror))
    )
    (fp_text user %R (at 0 0 90) (layer B.Fab)
      (effects (font (size 0.5 0.5) (thickness 0.08)) (justify mirror))
    )
    (fp_line (start 1.85 -0.95) (end -1.85 -0.95) (layer B.CrtYd) (width 0.05))
    (fp_line (start 1.85 0.95) (end 1.85 -0.95) (layer B.CrtYd) (width 0.05))
    (fp_line (start -1.85 0.95) (end 1.85 0.95) (layer B.CrtYd) (width 0.05))
    (fp_line (start -1.85 -0.95) (end -1.85 0.95) (layer B.CrtYd) (width 0.05))
    (fp_line (start -0.261252 -0.71) (end 0.261252 -0.71) (layer B.SilkS) (width 0.12))
    (fp_line (start -0.261252 0.71) (end 0.261252 0.71) (layer B.SilkS) (width 0.12))
    (fp_line (start 1 -0.6) (end -1 -0.6) (layer B.Fab) (width 0.1))
    (fp_line (start 1 0.6) (end 1 -0.6) (layer B.Fab) (width 0.1))
    (fp_line (start -1 0.6) (end 1 0.6) (layer B.Fab) (width 0.1))
    (fp_line (start -1 -0.6) (end -1 0.6) (layer B.Fab) (width 0.1))
    (pad 2 smd roundrect (at 1.025 0 90) (size 1.15 1.4) (layers B.Cu B.Paste B.Mask) (roundrect_rratio 0.217391)
      (net 2 LED2))
    (pad 1 smd roundrect (at -1.025 0 90) (size 1.15 1.4) (layers B.Cu B.Paste B.Mask) (roundrect_rratio 0.217391)
      (net 25 "Net-(R9-Pad1)"))
    (model ${KISYS3DMOD}/Resistor_SMD.3dshapes/R_0805_2012Metric.wrl
      (at (xyz 0 0 0))
      (scale (xyz 1 1 1))
      (rotate (xyz 0 0 0))
    )
  )

  (module Resistor_SMD:R_0805_2012Metric_Pad1.15x1.40mm_HandSolder (layer B.Cu) (tedit 5B36C52B) (tstamp 5F1798FC)
    (at 129.794 108.204 90)
    (descr "Resistor SMD 0805 (2012 Metric), square (rectangular) end terminal, IPC_7351 nominal with elongated pad for handsoldering. (Body size source: https://docs.google.com/spreadsheets/d/1BsfQQcO9C6DZCsRaXUlFlo91Tg2WpOkGARC1WS5S8t0/edit?usp=sharing), generated with kicad-footprint-generator")
    (tags "resistor handsolder")
    (path /5F1B47ED)
    (attr smd)
    (fp_text reference R10 (at 0 1.65 90) (layer B.SilkS)
      (effects (font (size 1 1) (thickness 0.15)) (justify mirror))
    )
    (fp_text value 330 (at 0 -1.65 90) (layer B.Fab)
      (effects (font (size 1 1) (thickness 0.15)) (justify mirror))
    )
    (fp_line (start -1 -0.6) (end -1 0.6) (layer B.Fab) (width 0.1))
    (fp_line (start -1 0.6) (end 1 0.6) (layer B.Fab) (width 0.1))
    (fp_line (start 1 0.6) (end 1 -0.6) (layer B.Fab) (width 0.1))
    (fp_line (start 1 -0.6) (end -1 -0.6) (layer B.Fab) (width 0.1))
    (fp_line (start -0.261252 0.71) (end 0.261252 0.71) (layer B.SilkS) (width 0.12))
    (fp_line (start -0.261252 -0.71) (end 0.261252 -0.71) (layer B.SilkS) (width 0.12))
    (fp_line (start -1.85 -0.95) (end -1.85 0.95) (layer B.CrtYd) (width 0.05))
    (fp_line (start -1.85 0.95) (end 1.85 0.95) (layer B.CrtYd) (width 0.05))
    (fp_line (start 1.85 0.95) (end 1.85 -0.95) (layer B.CrtYd) (width 0.05))
    (fp_line (start 1.85 -0.95) (end -1.85 -0.95) (layer B.CrtYd) (width 0.05))
    (fp_text user %R (at 0 0 90) (layer B.Fab)
      (effects (font (size 0.5 0.5) (thickness 0.08)) (justify mirror))
    )
    (pad 1 smd roundrect (at -1.025 0 90) (size 1.15 1.4) (layers B.Cu B.Paste B.Mask) (roundrect_rratio 0.217391)
      (net 26 "Net-(R10-Pad1)"))
    (pad 2 smd roundrect (at 1.025 0 90) (size 1.15 1.4) (layers B.Cu B.Paste B.Mask) (roundrect_rratio 0.217391)
      (net 9 LED9))
    (model ${KISYS3DMOD}/Resistor_SMD.3dshapes/R_0805_2012Metric.wrl
      (at (xyz 0 0 0))
      (scale (xyz 1 1 1))
      (rotate (xyz 0 0 0))
    )
  )

  (module Resistor_SMD:R_0805_2012Metric_Pad1.15x1.40mm_HandSolder (layer B.Cu) (tedit 5B36C52B) (tstamp 5F17990D)
    (at 157.734 108.204 90)
    (descr "Resistor SMD 0805 (2012 Metric), square (rectangular) end terminal, IPC_7351 nominal with elongated pad for handsoldering. (Body size source: https://docs.google.com/spreadsheets/d/1BsfQQcO9C6DZCsRaXUlFlo91Tg2WpOkGARC1WS5S8t0/edit?usp=sharing), generated with kicad-footprint-generator")
    (tags "resistor handsolder")
    (path /5F1ACCF3)
    (attr smd)
    (fp_text reference R11 (at 0 1.65 90) (layer B.SilkS)
      (effects (font (size 1 1) (thickness 0.15)) (justify mirror))
    )
    (fp_text value 330 (at 0 -1.65 90) (layer B.Fab)
      (effects (font (size 1 1) (thickness 0.15)) (justify mirror))
    )
    (fp_line (start -1 -0.6) (end -1 0.6) (layer B.Fab) (width 0.1))
    (fp_line (start -1 0.6) (end 1 0.6) (layer B.Fab) (width 0.1))
    (fp_line (start 1 0.6) (end 1 -0.6) (layer B.Fab) (width 0.1))
    (fp_line (start 1 -0.6) (end -1 -0.6) (layer B.Fab) (width 0.1))
    (fp_line (start -0.261252 0.71) (end 0.261252 0.71) (layer B.SilkS) (width 0.12))
    (fp_line (start -0.261252 -0.71) (end 0.261252 -0.71) (layer B.SilkS) (width 0.12))
    (fp_line (start -1.85 -0.95) (end -1.85 0.95) (layer B.CrtYd) (width 0.05))
    (fp_line (start -1.85 0.95) (end 1.85 0.95) (layer B.CrtYd) (width 0.05))
    (fp_line (start 1.85 0.95) (end 1.85 -0.95) (layer B.CrtYd) (width 0.05))
    (fp_line (start 1.85 -0.95) (end -1.85 -0.95) (layer B.CrtYd) (width 0.05))
    (fp_text user %R (at 0 0 90) (layer B.Fab)
      (effects (font (size 0.5 0.5) (thickness 0.08)) (justify mirror))
    )
    (pad 1 smd roundrect (at -1.025 0 90) (size 1.15 1.4) (layers B.Cu B.Paste B.Mask) (roundrect_rratio 0.217391)
      (net 27 "Net-(R11-Pad1)"))
    (pad 2 smd roundrect (at 1.025 0 90) (size 1.15 1.4) (layers B.Cu B.Paste B.Mask) (roundrect_rratio 0.217391)
      (net 1 LED1))
    (model ${KISYS3DMOD}/Resistor_SMD.3dshapes/R_0805_2012Metric.wrl
      (at (xyz 0 0 0))
      (scale (xyz 1 1 1))
      (rotate (xyz 0 0 0))
    )
  )

  (module Resistor_SMD:R_0805_2012Metric_Pad1.15x1.40mm_HandSolder (layer B.Cu) (tedit 5B36C52B) (tstamp 5F17991E)
    (at 126.238 108.204 90)
    (descr "Resistor SMD 0805 (2012 Metric), square (rectangular) end terminal, IPC_7351 nominal with elongated pad for handsoldering. (Body size source: https://docs.google.com/spreadsheets/d/1BsfQQcO9C6DZCsRaXUlFlo91Tg2WpOkGARC1WS5S8t0/edit?usp=sharing), generated with kicad-footprint-generator")
    (tags "resistor handsolder")
    (path /5F1B47F8)
    (attr smd)
    (fp_text reference R12 (at 0 1.65 90) (layer B.SilkS)
      (effects (font (size 1 1) (thickness 0.15)) (justify mirror))
    )
    (fp_text value 330 (at 0 -1.65 90) (layer B.Fab)
      (effects (font (size 1 1) (thickness 0.15)) (justify mirror))
    )
    (fp_text user %R (at 0 0 90) (layer B.Fab)
      (effects (font (size 0.5 0.5) (thickness 0.08)) (justify mirror))
    )
    (fp_line (start 1.85 -0.95) (end -1.85 -0.95) (layer B.CrtYd) (width 0.05))
    (fp_line (start 1.85 0.95) (end 1.85 -0.95) (layer B.CrtYd) (width 0.05))
    (fp_line (start -1.85 0.95) (end 1.85 0.95) (layer B.CrtYd) (width 0.05))
    (fp_line (start -1.85 -0.95) (end -1.85 0.95) (layer B.CrtYd) (width 0.05))
    (fp_line (start -0.261252 -0.71) (end 0.261252 -0.71) (layer B.SilkS) (width 0.12))
    (fp_line (start -0.261252 0.71) (end 0.261252 0.71) (layer B.SilkS) (width 0.12))
    (fp_line (start 1 -0.6) (end -1 -0.6) (layer B.Fab) (width 0.1))
    (fp_line (start 1 0.6) (end 1 -0.6) (layer B.Fab) (width 0.1))
    (fp_line (start -1 0.6) (end 1 0.6) (layer B.Fab) (width 0.1))
    (fp_line (start -1 -0.6) (end -1 0.6) (layer B.Fab) (width 0.1))
    (pad 2 smd roundrect (at 1.025 0 90) (size 1.15 1.4) (layers B.Cu B.Paste B.Mask) (roundrect_rratio 0.217391)
      (net 10 LED10))
    (pad 1 smd roundrect (at -1.025 0 90) (size 1.15 1.4) (layers B.Cu B.Paste B.Mask) (roundrect_rratio 0.217391)
      (net 28 "Net-(R12-Pad1)"))
    (model ${KISYS3DMOD}/Resistor_SMD.3dshapes/R_0805_2012Metric.wrl
      (at (xyz 0 0 0))
      (scale (xyz 1 1 1))
      (rotate (xyz 0 0 0))
    )
  )

  (module Resistor_SMD:R_0805_2012Metric_Pad1.15x1.40mm_HandSolder (layer B.Cu) (tedit 5B36C52B) (tstamp 5F1787A1)
    (at 166.116 123.19)
    (descr "Resistor SMD 0805 (2012 Metric), square (rectangular) end terminal, IPC_7351 nominal with elongated pad for handsoldering. (Body size source: https://docs.google.com/spreadsheets/d/1BsfQQcO9C6DZCsRaXUlFlo91Tg2WpOkGARC1WS5S8t0/edit?usp=sharing), generated with kicad-footprint-generator")
    (tags "resistor handsolder")
    (path /5F19F1AD)
    (attr smd)
    (fp_text reference R1 (at 0 1.65) (layer B.SilkS)
      (effects (font (size 1 1) (thickness 0.15)) (justify mirror))
    )
    (fp_text value 39k (at 0 -1.65) (layer B.Fab)
      (effects (font (size 1 1) (thickness 0.15)) (justify mirror))
    )
    (fp_line (start -1 -0.6) (end -1 0.6) (layer B.Fab) (width 0.1))
    (fp_line (start -1 0.6) (end 1 0.6) (layer B.Fab) (width 0.1))
    (fp_line (start 1 0.6) (end 1 -0.6) (layer B.Fab) (width 0.1))
    (fp_line (start 1 -0.6) (end -1 -0.6) (layer B.Fab) (width 0.1))
    (fp_line (start -0.261252 0.71) (end 0.261252 0.71) (layer B.SilkS) (width 0.12))
    (fp_line (start -0.261252 -0.71) (end 0.261252 -0.71) (layer B.SilkS) (width 0.12))
    (fp_line (start -1.85 -0.95) (end -1.85 0.95) (layer B.CrtYd) (width 0.05))
    (fp_line (start -1.85 0.95) (end 1.85 0.95) (layer B.CrtYd) (width 0.05))
    (fp_line (start 1.85 0.95) (end 1.85 -0.95) (layer B.CrtYd) (width 0.05))
    (fp_line (start 1.85 -0.95) (end -1.85 -0.95) (layer B.CrtYd) (width 0.05))
    (fp_text user %R (at 0 0) (layer B.Fab)
      (effects (font (size 0.5 0.5) (thickness 0.08)) (justify mirror))
    )
    (pad 1 smd roundrect (at -1.025 0) (size 1.15 1.4) (layers B.Cu B.Paste B.Mask) (roundrect_rratio 0.217391)
      (net 12 +5V))
    (pad 2 smd roundrect (at 1.025 0) (size 1.15 1.4) (layers B.Cu B.Paste B.Mask) (roundrect_rratio 0.217391)
      (net 14 EMPTY))
    (model ${KISYS3DMOD}/Resistor_SMD.3dshapes/R_0805_2012Metric.wrl
      (at (xyz 0 0 0))
      (scale (xyz 1 1 1))
      (rotate (xyz 0 0 0))
    )
  )

  (module Resistor_SMD:R_0805_2012Metric_Pad1.15x1.40mm_HandSolder (layer B.Cu) (tedit 5B36C52B) (tstamp 5F17876B)
    (at 166.116 126.746)
    (descr "Resistor SMD 0805 (2012 Metric), square (rectangular) end terminal, IPC_7351 nominal with elongated pad for handsoldering. (Body size source: https://docs.google.com/spreadsheets/d/1BsfQQcO9C6DZCsRaXUlFlo91Tg2WpOkGARC1WS5S8t0/edit?usp=sharing), generated with kicad-footprint-generator")
    (tags "resistor handsolder")
    (path /5F1A41EC)
    (attr smd)
    (fp_text reference R2 (at 0 1.65) (layer B.SilkS)
      (effects (font (size 1 1) (thickness 0.15)) (justify mirror))
    )
    (fp_text value 39k (at 0 -1.65) (layer B.Fab)
      (effects (font (size 1 1) (thickness 0.15)) (justify mirror))
    )
    (fp_text user %R (at 0 0) (layer B.Fab)
      (effects (font (size 0.5 0.5) (thickness 0.08)) (justify mirror))
    )
    (fp_line (start 1.85 -0.95) (end -1.85 -0.95) (layer B.CrtYd) (width 0.05))
    (fp_line (start 1.85 0.95) (end 1.85 -0.95) (layer B.CrtYd) (width 0.05))
    (fp_line (start -1.85 0.95) (end 1.85 0.95) (layer B.CrtYd) (width 0.05))
    (fp_line (start -1.85 -0.95) (end -1.85 0.95) (layer B.CrtYd) (width 0.05))
